3,4,5 
3,5,6 
7,8,9 
8,10,9 
11,12,13 
11,13,10 
14,15,16 
14,16,17 
18,19,20 
18,20,21 
14,22,23 
14,23,15 
24,25,26 
27,28,29 
27,29,30 
31,32,33 
34,32,35 
36,37,24 
38,39,40 
38,40,41 
42,43,44 
45,46,47 
48,49,46 
48,50,51 
48,51,49 
4,52,53 
4,53,5 
54,55,56 
54,56,57 
53,58,6 
53,6,5 
59,60,61 
62,63,65 
63,64,65 
61,66,67 
68,66,69 
70,71,66 
72,73,74 
72,74,75 
76,77,78 
70,79,73 
70,73,72 
80,66,71 
63,69,81 
82,62,65 
71,70,72 
83,84,85 
4,56,55 
4,55,52 
80,81,69 
86,51,87 
88,87,51 
49,89,90 
47,46,90 
47,90,91 
92,93,94 
41,40,95 
41,95,37 
36,32,96 
97,34,29 
27,30,26 
41,37,36 
98,99,100 
16,20,19 
16,19,17 
34,97,96 
101,12,102 
12,101,103 
8,104,105 
106,104,8 
106,8,7 
107,108,109 
109,110,107 
8,105,11 
13,12,103 
101,111,103 
102,112,101 
113,20,16 
114,18,21 
114,21,115 
116,117,23 
116,23,22 
27,26,25 
97,29,28 
35,32,31 
27,25,95 
44,39,38 
44,38,118 
93,119,94 
49,90,46 
88,51,50 
88,120,87 
87,121,86 
52,55,122 
123,54,57 
123,57,124 
6,58,125 
6,125,3 
59,82,65 
64,63,81 
67,66,68 
79,59,65 
78,75,74 
78,74,126 
78,126,76 
60,59,79 
60,79,70 
66,60,70 
66,80,69 
61,60,66 
61,82,59 
127,3,125 
124,84,83 
124,83,123 
122,55,54 
122,54,128 
121,87,129 
51,86,89 
51,89,49 
46,45,48 
121,129,130 
44,118,42 
37,95,25 
37,25,24 
24,32,36 
34,96,32 
32,24,33 
24,26,33 
117,116,131 
115,100,99 
115,99,114 
132,21,20 
132,20,113 
133,101,112 
11,105,102 
11,102,12 
8,11,10 
134,133,112 
22,14,17 
22,17,116 
135,136,13 
135,13,103 
136,9,10 
137,138,139 
137,139,140 
141,142,143 
144,136,135 
145,146,147 
148,149,150 
151,152,153 
48,154,50 
155,156,138 
155,138,137 
157,142,141 
158,154,159 
160,161,145 
162,148,163 
164,165,151 
166,165,167 
162,164,151 
162,151,148 
161,163,146 
142,168,158 
156,157,141 
156,141,138 
169,137,170 
45,160,154 
171,152,166 
148,151,153 
148,153,149 
146,150,172 
142,144,135 
138,141,143 
138,143,139 
170,137,173 
13,136,10 
137,140,173 
142,135,174 
159,145,147 
159,147,136 
146,163,150 
166,175,171 
88,50,154 
88,154,158 
154,48,45 
169,155,137 
158,144,142 
154,160,145 
154,145,159 
161,176,163 
167,175,166 
167,177,175 
165,166,151 
163,176,162 
161,146,145 
159,144,158 
157,168,142 
178,179,169 
178,169,170 
175,177,171 
151,166,152 
150,163,148 
146,172,147 
144,159,136 
142,174,143 
170,173,180 
170,180,178 
136,147,9 
181,182,183 
184,185,186 
187,188,189 
187,189,190 
191,192,193 
186,194,195 
196,195,197 
196,197,198 
199,190,200 
199,200,201 
196,202,203 
204,205,206 
207,181,194 
207,194,208 
182,209,187 
182,187,210 
205,204,211 
212,206,184 
213,209,207 
214,215,216 
214,217,218 
219,220,221 
222,223,224 
222,224,225 
226,227,222 
226,222,228 
229,230,231 
229,231,203 
232,218,233 
234,235,236 
218,217,237 
218,237,233 
219,238,239 
233,237,239 
240,227,226 
238,236,241 
238,241,242 
243,244,239 
237,217,245 
223,232,242 
223,242,241 
219,221,236 
219,236,238 
239,246,247 
248,229,203 
240,216,215 
240,215,227 
225,224,234 
225,234,248 
234,220,249 
220,250,249 
251,245,217 
220,244,243 
252,241,236 
226,199,201 
205,213,207 
206,207,208 
206,208,185 
213,205,253 
213,253,188 
195,194,181 
187,209,213 
203,231,254 
203,254,255 
228,256,199 
228,199,226 
198,197,210 
198,210,256 
196,255,191 
186,185,208 
200,190,189 
192,191,255 
192,255,254 
189,257,200 
188,253,189 
208,194,186 
191,195,196 
256,187,190 
256,190,199 
196,198,258 
196,258,202 
213,188,187 
181,259,195 
183,182,210 
183,210,197 
204,212,184 
204,184,211 
207,206,205 
260,226,201 
236,235,252 
261,220,243 
215,214,218 
215,218,232 
217,214,251 
220,261,250 
234,221,220 
232,223,222 
228,222,225 
228,225,258 
203,202,248 
239,237,246 
234,224,252 
234,252,235 
245,246,237 
243,239,247 
238,242,233 
240,226,260 
239,238,233 
244,219,239 
245,243,247 
245,247,246 
224,223,241 
224,241,252 
236,221,234 
233,242,232 
202,258,225 
202,225,248 
227,215,232 
227,232,222 
234,249,229 
234,229,248 
219,244,220 
216,251,214 
230,229,249 
230,249,250 
209,182,181 
209,181,207 
206,185,184 
211,253,205 
259,183,197 
259,197,195 
212,204,206 
203,255,196 
258,198,256 
258,256,228 
256,210,187 
191,186,195 
191,193,186 
253,211,257 
253,257,189 
184,186,193 
183,259,181 
262,263,264 
265,266,267 
265,267,268 
269,270,271 
272,273,274 
275,276,265 
275,265,268 
277,278,279 
280,281,267 
280,267,266 
282,283,270 
282,270,269 
284,285,286 
284,286,287 
288,289,278 
288,278,277 
285,272,286 
282,290,291 
292,293,289 
283,291,284 
283,284,294 
295,296,297 
298,299,300 
298,300,301 
1,302,303 
304,305,306 
306,307,304 
308,299,298 
308,298,309 
310,308,311 
310,311,312 
305,313,314 
315,316,303 
315,303,317 
318,311,319 
318,319,320 
321,322,323 
315,317,324 
315,324,325 
326,318,327 
328,325,324 
328,324,329 
330,331,332 
333,334,335 
336,337,338 
336,339,340 
329,341,295 
329,295,342 
110,109,297 
343,344,338 
264,345,346 
347,348,349 
347,349,105 
332,102,330 
262,104,106 
262,106,350 
351,352,353 
351,353,354 
355,356,357 
358,359,360 
358,360,361 
362,363,364 
362,364,365 
366,110,367 
368,369,370 
368,370,371 
372,343,373 
374,375,376 
377,378,379 
380,381,382 
383,384,385 
383,385,386 
97,387,388 
389,390,391 
392,393,394 
392,394,395 
396,397,398 
399,400,401 
399,401,402 
403,397,42 
404,405,406 
407,408,409 
407,409,410 
411,412,413 
414,415,416 
417,418,419 
97,28,420 
40,421,422 
40,422,95 
423,424,425 
423,425,426 
427,381,428 
421,429,422 
430,431,131 
430,131,98 
432,132,433 
390,389,434 
435,436,39 
435,39,44 
437,438,439 
437,439,440 
441,442,443 
441,443,444 
43,445,435 
43,435,44 
446,447,391 
448,449,450 
448,450,451 
452,453,43 
96,97,388 
454,455,456 
454,456,457 
458,459,460 
458,460,383 
461,462,463 
461,463,458 
427,464,382 
431,117,131 
455,465,466 
467,468,444 
467,444,443 
469,38,41 
470,471,472 
473,474,475 
473,475,476 
477,453,452 
477,452,478 
447,446,479 
409,449,448 
480,481,482 
483,380,414 
484,41,36 
485,486,487 
485,487,463 
488,456,455 
404,489,23 
404,23,117 
490,491,465 
446,405,492 
406,412,489 
493,494,495 
435,496,497 
435,497,436 
403,118,38 
403,38,469 
498,434,475 
498,475,499 
500,501,477 
502,408,447 
502,447,495 
473,448,451 
469,466,465 
469,465,403 
503,504,505 
506,507,508 
506,508,509 
510,511,512 
1,513,512 
1,512,302 
514,515,516 
514,516,517 
518,428,381 
518,381,519 
42,397,520 
521,522,323 
523,320,524 
521,525,526 
527,134,323 
369,372,370 
528,375,355 
358,529,530 
358,530,531 
532,533,365 
530,364,534 
535,351,354 
107,536,353 
107,353,108 
502,495,537 
538,539,540 
543,544,545 
546,547,548 
549,547,550 
551,552,553 
546,554,555 
547,556,557 
558,559,560 
558,560,561 
549,550,562 
549,562,563 
557,556,564 
565,566,567 
565,567,568 
564,569,563 
564,563,562 
568,567,570 
560,571,561 
572,573,541 
574,575,576 
577,578,579 
580,581,574 
576,582,583 
576,583,584 
580,574,576 
585,586,300 
585,300,587 
588,589,590 
592,586,585 
592,585,593 
594,595,596 
594,596,592 
597,598,599 
597,599,600 
601,602,598 
601,598,603 
595,604,605 
595,605,606 
607,608,609 
603,610,611 
603,611,612 
601,613,614 
608,607,615 
616,611,610 
617,618,619 
620,614,613 
620,613,621 
622,611,623 
624,625,623 
616,626,627 
92,628,626 
92,626,629 
630,624,631 
632,633,634 
621,634,635 
86,636,619 
86,619,89 
637,633,638 
639,640,641 
641,637,638 
575,642,643 
581,644,645 
646,580,584 
646,584,647 
648,583,582 
648,582,649 
650,630,651 
576,643,652 
576,652,577 
632,653,654 
655,656,657 
655,657,658 
659,660,661 
659,661,662 
663,664,665 
663,665,666 
667,668,669 
670,671,672 
670,672,540 
673,674,675 
676,677,678 
676,678,679 
680,681,682 
683,684,685 
539,538,686 
539,686,687 
540,539,688 
540,688,670 
689,690,691 
692,693,694 
692,694,695 
696,64,697 
665,698,699 
700,660,659 
700,659,701 
702,667,703 
702,703,704 
705,706,707 
708,691,690 
709,128,710 
711,682,712 
713,714,695 
713,695,715 
716,717,718 
684,719,685 
712,682,681 
712,681,720 
721,722,723 
721,723,724 
725,726,727 
728,693,729 
730,731,732 
695,714,716 
695,716,692 
697,702,704 
697,704,733 
698,665,734 
698,734,735 
659,736,701 
737,738,663 
739,717,740 
741,742,743 
744,745,746 
670,688,707 
605,707,688 
605,688,606 
747,748,394 
747,394,402 
749,750,751 
749,751,752 
727,748,725 
748,678,725 
743,694,693 
753,754,755 
753,755,756 
757,122,758 
759,760,694 
65,696,761 
739,718,717 
701,736,762 
668,71,763 
668,763,669 
77,76,684 
77,684,764 
765,766,767 
768,730,769 
770,771,683 
772,678,677 
773,774,677 
773,677,676 
775,720,681 
775,681,776 
777,772,778 
779,769,730 
780,710,781 
780,781,782 
696,697,733 
696,733,739 
783,784,785 
316,786,589 
552,608,0 
582,579,787 
582,787,649 
788,713,715 
788,715,778 
789,790,791 
751,792,770 
751,770,752 
793,794,795 
796,797,617 
798,796,121 
799,800,801 
799,801,802 
803,654,642 
646,804,805 
646,805,644 
649,806,648 
807,808,657 
584,583,648 
584,648,647 
809,810,811 
119,806,812 
813,93,92 
704,728,733 
779,814,769 
93,815,816 
806,816,809 
648,807,817 
808,818,658 
787,812,806 
787,806,649 
644,805,803 
644,803,645 
642,654,643 
652,800,799 
794,130,795 
797,705,605 
798,121,130 
794,706,705 
751,691,708 
751,708,792 
778,715,789 
778,789,777 
819,716,714 
819,714,820 
821,572,590 
608,552,822 
589,588,507 
589,507,506 
729,718,733 
724,723,823 
724,823,824 
680,682,711 
814,825,768 
814,768,769 
683,685,749 
683,749,752 
773,826,827 
773,827,719 
828,788,778 
828,778,772 
829,819,830 
814,831,782 
832,833,690 
834,765,835 
723,722,743 
125,58,832 
125,832,744 
669,823,836 
661,487,486 
661,486,662 
71,72,763 
760,789,715 
745,837,746 
838,731,754 
729,692,716 
729,716,718 
679,678,748 
679,748,747 
771,770,839 
763,72,75 
840,755,768 
840,768,825 
122,128,841 
122,841,758 
823,723,836 
761,79,65 
842,663,785 
424,700,701 
424,701,762 
737,843,844 
737,844,738 
81,80,668 
54,123,710 
54,710,128 
76,673,845 
835,765,840 
73,740,829 
73,829,74 
719,845,774 
719,774,773 
776,681,846 
776,846,847 
777,791,725 
777,725,772 
707,848,730 
707,730,732 
849,767,750 
850,851,782 
852,853,746 
852,746,837 
761,696,739 
854,700,424 
854,424,423 
79,761,740 
79,740,73 
81,702,697 
688,539,606 
760,715,695 
855,833,757 
754,731,768 
754,768,755 
744,832,689 
78,77,721 
402,401,775 
402,775,747 
771,721,764 
771,764,683 
779,856,831 
755,840,767 
667,702,81 
857,664,738 
857,738,858 
789,760,842 
859,656,655 
638,633,654 
632,630,650 
577,652,799 
577,799,860 
800,94,801 
578,802,787 
859,805,804 
859,804,656 
574,645,642 
802,801,812 
802,812,787 
640,637,641 
635,634,640 
86,121,796 
89,620,635 
634,622,625 
632,624,630 
628,92,94 
861,626,862 
861,862,615 
624,623,627 
621,613,612 
620,619,618 
620,618,614 
616,0,608 
616,608,862 
618,863,864 
601,603,612 
601,612,613 
0,610,597 
794,705,798 
865,602,601 
865,601,864 
602,866,599 
595,606,687 
595,687,596 
585,867,866 
585,866,593 
868,588,591 
590,589,786 
591,588,590 
868,867,869 
868,869,870 
628,627,626 
568,871,561 
872,873,560 
570,567,542 
570,542,541 
566,553,542 
566,542,567 
556,874,873 
556,873,872 
548,549,563 
548,563,569 
875,558,561 
875,561,871 
547,546,874 
547,874,556 
554,565,555 
573,572,822 
573,822,551 
559,554,546 
558,875,543 
863,618,617 
71,668,80 
503,505,454 
503,454,457 
109,876,877 
878,363,107 
531,534,879 
531,879,880 
365,364,530 
110,366,878 
534,363,881 
355,375,374 
370,372,373 
370,373,528 
522,521,526 
522,526,882 
353,352,876 
353,876,108 
331,523,332 
882,526,537 
882,537,883 
884,783,428 
884,428,518 
381,380,885 
445,516,496 
445,496,435 
881,886,887 
2,510,888 
506,509,303 
889,428,783 
890,503,420 
890,420,429 
493,891,892 
493,892,893 
502,537,526 
894,470,885 
439,895,442 
439,442,400 
437,500,478 
437,478,896 
501,500,471 
396,398,897 
502,898,408 
390,899,900 
520,901,43 
520,43,42 
488,484,36 
488,36,902 
762,736,903 
497,504,503 
28,27,422 
904,491,415 
905,413,906 
389,407,410 
389,410,476 
490,907,415 
472,471,393 
472,393,392 
908,909,910 
401,400,442 
401,442,441 
455,454,907 
455,907,490 
525,911,912 
525,912,913 
914,915,910 
480,492,404 
480,404,117 
480,117,431 
421,497,890 
916,385,917 
463,487,459 
463,459,458 
917,843,742 
917,742,904 
411,905,16 
411,16,15 
900,899,406 
900,406,405 
409,408,898 
518,519,472 
403,465,918 
403,918,397 
442,895,919 
442,919,443 
920,452,901 
504,497,496 
483,416,921 
483,921,515 
467,443,919 
892,132,432 
922,413,412 
322,525,521 
457,456,388 
889,699,464 
889,464,427 
423,426,923 
423,923,735 
698,924,464 
892,891,100 
892,100,115 
914,412,406 
468,467,925 
468,925,926 
912,419,927 
418,928,925 
418,925,419 
396,929,901 
895,474,473 
440,471,500 
440,500,437 
477,445,453 
927,450,449 
927,449,912 
456,488,902 
464,924,385 
464,385,916 
485,463,462 
485,462,930 
532,931,378 
532,378,377 
343,376,375 
371,370,932 
370,528,932 
933,934,369 
933,369,368 
931,530,529 
931,529,378 
360,357,356 
935,932,528 
354,353,536 
936,263,937 
262,347,105 
262,105,104 
936,376,263 
105,330,102 
347,335,348 
343,264,376 
367,296,344 
877,295,297 
877,297,109 
336,295,341 
336,341,339 
337,346,338 
340,333,346 
349,327,331 
340,339,2 
340,2,938 
329,510,341 
334,939,326 
333,340,938 
333,938,940 
938,941,314 
938,314,940 
326,312,311 
326,311,318 
303,302,511 
303,511,317 
313,942,310 
313,310,312 
418,309,298 
418,298,928 
305,304,943 
1,509,508 
587,300,299 
587,299,944 
932,935,357 
945,371,932 
887,945,932 
359,880,932 
301,946,928 
301,928,298 
280,266,513 
292,290,282 
281,289,293 
2,888,276 
289,947,275 
289,275,278 
291,948,285 
949,287,286 
949,286,274 
282,269,950 
281,293,951 
281,951,267 
952,277,953 
275,268,279 
888,512,265 
286,272,274 
271,273,272 
279,268,267 
927,419,925 
494,493,893 
267,951,279 
269,953,279 
269,279,950 
271,270,273 
276,888,265 
278,275,279 
952,953,271 
285,948,272 
292,282,950 
283,294,273 
283,273,270 
284,291,285 
290,288,277 
290,277,952 
954,2,276 
287,949,294 
287,294,284 
281,947,289 
292,288,290 
932,357,359 
880,879,932 
879,887,932 
357,360,359 
945,933,368 
945,368,371 
869,587,944 
869,944,943 
507,870,304 
507,304,508 
305,943,942 
310,944,299 
310,299,308 
308,309,319 
308,319,311 
306,305,314 
306,314,941 
940,314,313 
940,313,939 
417,524,320 
417,320,319 
317,511,510 
317,510,324 
955,334,326 
331,318,320 
331,320,523 
329,324,510 
331,330,349 
335,334,955 
335,955,348 
346,337,340 
346,345,338 
328,329,342 
110,297,296 
296,338,344 
343,345,264 
347,264,335 
105,349,330 
376,264,263 
937,262,350 
937,379,936 
528,355,935 
360,356,361 
531,880,359 
531,359,358 
881,887,879 
881,879,534 
956,367,344 
956,344,372 
375,373,343 
957,374,936 
957,936,379 
377,379,937 
426,461,386 
426,386,923 
456,902,388 
904,742,491 
514,517,477 
514,477,501 
477,517,445 
919,895,473 
901,520,396 
43,453,445 
927,925,467 
927,467,450 
912,911,419 
406,899,914 
416,415,907 
416,907,958 
420,28,429 
464,699,698 
903,930,462 
903,462,425 
457,388,387 
100,430,98 
322,524,525 
412,914,922 
432,893,892 
919,451,467 
504,496,959 
929,920,901 
498,908,915 
498,915,434 
896,499,438 
896,438,437 
392,518,472 
505,958,907 
505,907,454 
898,913,409 
958,959,921 
958,921,416 
503,457,387 
503,387,420 
735,923,924 
735,924,698 
903,736,930 
385,384,917 
421,436,497 
491,742,741 
492,405,404 
914,390,915 
417,911,525 
417,525,524 
402,394,393 
402,393,399 
910,915,908 
398,397,839 
490,415,491 
912,449,409 
912,409,913 
906,113,905 
415,414,904 
422,429,28 
497,503,890 
383,460,844 
383,844,384 
736,486,485 
905,113,16 
914,899,390 
900,391,390 
946,926,925 
946,925,928 
897,909,396 
471,470,501 
438,499,475 
438,475,474 
440,439,400 
440,400,399 
898,502,526 
389,476,475 
389,475,434 
479,446,492 
479,492,482 
916,917,904 
916,904,382 
889,427,428 
303,316,506 
302,512,511 
886,945,887 
894,483,515 
894,515,514 
885,519,381 
909,897,960 
909,960,910 
527,323,522 
523,321,332 
112,332,321 
934,366,956 
934,956,369 
355,374,356 
361,957,529 
361,529,358 
534,364,363 
878,107,110 
530,931,365 
535,354,536 
535,536,362 
363,536,107 
109,108,876 
516,445,517 
634,637,640 
545,544,573 
545,573,551 
546,961,559 
549,548,547 
545,551,553 
545,553,566 
554,543,565 
573,544,570 
573,570,541 
559,961,962 
559,962,560 
562,550,557 
562,557,564 
555,565,568 
555,568,571 
550,547,557 
962,872,560 
561,571,568 
569,564,872 
569,872,962 
628,631,627 
301,300,963 
300,586,963 
821,590,786 
868,591,600 
600,599,868 
596,963,586 
596,586,592 
865,594,592 
865,592,593 
599,598,602 
964,786,316 
964,316,315 
604,595,594 
604,594,863 
705,797,798 
325,607,964 
325,964,315 
864,614,618 
615,607,325 
615,325,328 
796,617,636 
622,621,612 
624,627,631 
627,623,611 
627,611,616 
626,861,629 
631,94,651 
632,625,624 
634,621,622 
89,619,620 
796,636,86 
639,91,90 
639,90,640 
810,815,965 
810,965,966 
642,575,574 
644,581,580 
644,580,646 
808,807,806 
808,806,809 
787,579,578 
800,651,94 
653,632,650 
638,654,803 
818,808,809 
818,809,811 
842,790,789 
967,660,700 
967,700,854 
662,736,659 
767,756,755 
831,814,779 
395,394,748 
395,748,727 
719,827,749 
719,749,685 
721,724,78 
726,884,395 
726,395,727 
689,834,744 
754,753,680 
754,680,838 
855,690,833 
695,694,760 
539,687,606 
697,64,81 
665,664,857 
665,857,734 
784,790,842 
784,842,785 
739,740,761 
85,127,853 
85,853,852 
841,128,709 
849,756,767 
126,74,829 
126,829,830 
679,776,847 
679,847,676 
444,712,720 
444,720,441 
126,830,674 
126,674,76 
840,825,835 
711,672,671 
711,671,838 
845,684,76 
81,668,667 
704,703,836 
704,836,728 
858,460,459 
858,459,968 
968,661,660 
968,660,967 
663,666,785 
127,125,853 
723,969,836 
712,444,468 
712,468,970 
763,75,824 
725,678,772 
753,971,846 
753,846,680 
774,845,673 
774,673,972 
814,851,835 
814,835,825 
838,671,731 
745,850,837 
58,53,833 
58,833,832 
823,669,763 
823,763,824 
759,842,760 
836,703,669 
723,743,969 
745,834,835 
832,690,689 
672,711,970 
782,851,814 
829,717,819 
824,75,78 
824,78,724 
826,971,849 
826,849,827 
677,774,972 
677,972,828 
711,838,680 
782,781,837 
782,837,850 
83,852,837 
83,837,781 
857,858,968 
857,968,967 
822,609,608 
821,822,572 
675,820,713 
675,713,788 
791,790,784 
791,784,726 
764,721,77 
794,793,706 
797,605,604 
848,707,706 
794,798,130 
652,650,800 
654,653,643 
647,817,804 
647,804,646 
657,808,658 
647,648,817 
810,966,811 
93,816,119 
713,820,714 
675,674,820 
728,729,733 
92,629,813 
119,816,806 
809,816,810 
817,807,657 
119,812,801 
119,801,94 
806,807,648 
645,803,642 
643,653,650 
643,650,652 
973,848,706 
973,706,793 
93,813,965 
93,965,815 
796,798,797 
856,779,848 
856,848,973 
726,784,783 
726,783,884 
791,777,789 
830,819,820 
830,820,674 
609,822,821 
589,506,316 
783,785,889 
842,759,737 
842,737,663 
850,745,835 
850,835,851 
849,971,753 
849,753,756 
730,848,779 
747,775,776 
747,776,679 
846,971,826 
846,826,847 
677,828,772 
770,683,752 
686,538,926 
686,926,946 
765,767,840 
767,766,691 
52,122,757 
662,486,736 
738,844,460 
738,460,858 
739,733,718 
65,64,696 
694,743,759 
758,855,757 
732,731,671 
732,671,670 
693,969,743 
839,721,771 
441,720,401 
720,775,401 
969,693,728 
969,728,836 
732,670,707 
751,750,767 
751,767,691 
744,834,745 
853,125,744 
853,744,746 
717,829,740 
738,664,663 
968,459,487 
968,487,661 
759,742,843 
759,843,737 
53,52,757 
53,757,833 
834,689,766 
834,766,765 
730,768,731 
693,692,729 
725,791,726 
676,847,826 
676,826,773 
849,750,749 
849,749,827 
684,845,719 
716,819,717 
712,970,711 
709,710,780 
690,855,708 
707,605,705 
85,852,83 
785,666,699 
785,699,889 
735,734,854 
735,854,423 
699,666,665 
123,83,781 
123,781,710 
691,766,689 
926,538,970 
926,970,468 
672,970,538 
672,538,540 
674,673,76 
683,764,684 
680,846,681 
673,675,972 
828,972,675 
828,675,788 
743,742,759 
669,703,667 
734,857,967 
734,967,854 
641,859,655 
859,638,803 
859,803,805 
654,633,632 
650,651,800 
860,799,802 
860,802,578 
656,804,817 
656,817,657 
645,574,581 
575,643,576 
816,815,810 
638,859,641 
90,89,635 
90,635,640 
637,634,633 
620,621,635 
634,625,632 
630,631,651 
631,628,94 
861,615,328 
616,862,626 
625,622,623 
622,612,611 
619,636,617 
610,0,616 
862,608,615 
797,604,863 
797,863,617 
614,864,601 
607,609,964 
603,598,597 
603,597,610 
863,594,865 
863,865,864 
964,609,821 
964,821,786 
865,593,866 
865,866,602 
686,963,596 
686,596,687 
866,867,868 
866,868,599 
588,868,870 
588,870,507 
867,585,587 
867,587,869 
576,584,580 
576,579,582 
576,577,579 
577,860,578 
963,686,946 
963,946,301 
560,873,571 
570,871,568 
553,552,0 
553,0,542 
874,555,571 
874,571,873 
556,872,564 
961,548,569 
961,569,962 
544,875,871 
544,871,570 
546,555,874 
543,545,566 
543,566,565 
551,822,552 
548,961,546 
558,543,554 
558,554,559 
543,875,544 
780,782,831 
921,516,515 
362,536,363 
530,534,531 
532,365,931 
881,363,878 
881,878,886 
356,374,957 
356,957,361 
528,373,375 
369,956,372 
134,321,323 
524,322,523 
134,112,321 
323,322,521 
960,922,914 
960,914,910 
885,380,483 
885,483,894 
516,921,959 
516,959,496 
512,888,510 
461,458,383 
461,383,386 
891,481,430 
891,430,100 
482,481,891 
482,891,493 
451,919,473 
477,478,500 
909,908,929 
909,929,396 
920,498,499 
920,499,896 
470,894,514 
470,514,501 
493,495,479 
467,451,450 
412,411,489 
446,900,405 
491,918,465 
455,466,488 
414,382,904 
469,484,488 
469,488,466 
489,411,15 
489,15,23 
480,482,492 
410,409,448 
447,479,495 
504,959,958 
504,958,505 
399,393,471 
399,471,440 
839,897,398 
469,41,484 
447,408,407 
447,407,391 
906,433,132 
906,132,113 
455,490,465 
27,95,422 
464,916,382 
762,903,425 
762,425,424 
384,844,843 
384,843,917 
388,902,96 
132,892,115 
132,115,21 
43,901,452 
446,391,900 
39,436,421 
39,421,40 
896,478,452 
896,452,920 
438,474,895 
438,895,439 
470,472,519 
470,519,885 
913,898,526 
913,526,525 
434,915,390 
493,479,482 
481,480,431 
481,431,430 
421,890,429 
427,382,381 
923,386,385 
923,385,924 
420,387,97 
417,419,911 
416,483,414 
905,411,413 
448,473,476 
448,476,410 
406,489,404 
392,395,884 
392,884,518 
42,118,403 
929,908,498 
929,498,920 
396,520,397 
537,495,494 
537,494,883 
391,407,389 
930,736,485 
426,425,462 
426,462,461 
382,414,380 
535,362,365 
535,365,533 
376,936,374 
372,344,343 
366,367,956 
945,886,934 
945,934,933 
378,529,957 
378,957,379 
357,935,355 
886,878,366 
886,366,934 
937,263,262 
262,264,347 
332,112,102 
346,335,264 
338,345,343 
367,110,296 
877,342,295 
340,337,336 
296,336,338 
333,335,346 
955,327,349 
955,349,348 
341,510,2 
341,2,339 
327,955,326 
334,333,940 
334,940,939 
321,523,322 
326,939,313 
326,313,312 
305,942,313 
309,418,417 
309,417,319 
310,942,943 
310,943,944 
307,508,304 
303,509,1 
1,508,307 
870,869,943 
870,943,304 
295,336,296 
289,288,292 
282,291,283 
280,954,947 
280,947,281 
947,954,276 
947,276,275 
291,290,952 
291,952,948 
294,949,274 
294,274,273 
293,292,950 
293,950,951 
948,952,271 
948,271,272 
279,953,277 
265,512,513 
265,513,266 
953,269,271 
279,951,950 
331,327,318 
96,902,36 
974,397,918 
839,975,897 
906,413,976 
977,432,433 
977,433,978 
140,139,979 
140,979,980 
981,982,983 
981,983,984 
985,986,987 
985,988,989 
984,986,990 
984,990,981 
990,991,981 
992,993,994 
992,991,995 
994,993,996 
994,996,997 
998,997,996 
101,996,111 
999,1000,527 
999,527,1001 
999,1001,1002 
999,1002,1003 
1004,1005,1006 
883,494,1007 
147,172,1008 
147,1008,9 
149,153,1009 
149,1009,1010 
171,1011,1012 
1013,1014,1015 
1013,1015,1010 
1014,1013,1016 
1014,1016,1017 
1017,1018,350 
1019,1020,1018 
1019,1018,1016 
1021,1011,201 
1022,1023,257 
1022,257,211 
1024,1025,193 
231,1026,1027 
231,1027,254 
1027,1028,1024 
1029,377,1030 
1029,1030,1020 
1031,1032,1033 
1031,1033,1034 
1035,1036,351 
1035,351,535 
1037,1038,342 
1037,342,877 
1039,1040,1041 
1042,33,1043 
30,1044,1045 
1046,1047,1048 
1046,1048,1049 
1050,1051,1052 
1044,30,1053 
1054,1039,1055 
1053,1056,1051 
1053,1051,1057 
1058,1059,1060 
1058,1060,1061 
1062,1063,1064 
1065,1066,1067 
1065,1067,1068 
1069,1070,1067 
1071,1072,1070 
1070,1069,1073 
1074,1075,1076 
35,31,1077 
1078,1079,1080 
1078,1080,1081 
1046,1049,1082 
1046,1082,1071 
1083,1084,1060 
1085,1086,1087 
1088,1089,1090 
1086,1085,1091 
1086,1091,1090 
1076,1092,1093 
1062,1094,1061 
1062,1061,1063 
1095,1096,1097 
1097,1098,1077 
1099,33,1042 
1100,1101,1102 
1100,1102,1091 
1103,1057,1104 
1099,1042,1105 
1099,1105,1106 
1107,1052,1051 
1051,1108,1109 
1110,1111,1112 
1110,1112,1113 
1114,1115,1116 
1114,1116,1117 
1118,1119,1120 
1121,1122,1123 
1121,1123,1124 
1125,1126,1127 
1128,1129,1130 
1128,1130,1131 
1132,1133,1111 
1132,1111,1110 
1134,1135,1136 
1137,1138,1139 
1140,1141,1142 
1140,1142,1143 
1144,1145,1146 
1116,1146,1134 
1147,1146,1145 
1148,1138,1144 
1149,1150,1151 
1150,1152,1153 
1154,1121,1124 
1155,1156,1157 
1155,1157,1128 
1158,1159,1160 
1158,1160,1161 
1162,1163,1164 
1165,1157,1120 
1119,1125,1166 
1167,1132,1110 
1137,1139,1140 
1137,1140,1168 
1169,1170,1171 
1169,1171,1172 
1147,1173,1135 
1174,1175,1176 
1112,1177,1178 
1179,1180,1181 
1179,1181,1182 
1141,1183,1122 
1141,1122,1142 
1186,1184,1185 
1130,1186,1187 
1165,1130,1129 
1184,1130,1165 
1130,1184,1186 
1188,1151,1189 
1115,18,1144 
98,1167,1152 
1190,1144,18 
722,1191,741 
975,770,792 
975,792,1192 
1193,758,841 
1193,841,978 
1194,1195,157 
1194,157,156 
1196,179,178 
1197,1198,983 
1197,983,1199 
1200,1201,1202 
1200,1202,1196 
1203,1194,1204 
1203,1204,1205 
120,88,1206 
1207,982,1208 
1209,1210,120 
1208,1211,1212 
1213,1214,1215 
1213,1215,1216 
130,129,1213 
130,1213,1216 
795,1217,793 
856,973,1218 
856,1218,1219 
1006,977,709 
1220,1221,1219 
1221,709,780 
1222,240,260 
1222,260,177 
164,1223,1224 
1225,167,165 
1226,1227,1228 
1223,1229,1230 
1223,1230,1231 
1230,1232,1233 
1230,1233,1231 
1234,639,641 
1234,641,1235 
1225,1236,1237 
1225,1237,1222 
1237,251,216 
1238,1239,1240 
1238,1240,1241 
250,1242,230 
1242,1238,1241 
1242,1241,1243 
655,658,1243 
1243,658,1244 
1245,811,1035 
1245,1035,1032 
965,1246,1036 
328,1038,861 
1247,67,1248 
1249,1250,1251 
1249,1251,1252 
1253,1254,1255 
1253,1255,1256 
1257,1258,1259 
1260,1261,68 
1260,68,69 
1262,1263,1264 
1265,1266,1263 
1257,1264,1260 
1267,1268,1269 
1267,1269,1270 
1264,1271,1272 
1273,1265,1274 
1275,1276,1277 
1275,1277,1278 
1279,1280,1281 
1279,1281,1282 
1283,68,1261 
1284,63,62 
1285,1286,1287 
1285,1287,1288 
1289,1290,1291 
1292,1293,1253 
1294,1255,1295 
1296,1297,1290 
1298,1299,1300 
1270,1300,1299 
1270,1299,1301 
1302,1283,1261 
1303,1304,1305 
1303,1305,1306 
1305,61,67 
1294,82,1307 
1296,1308,1250 
1296,1250,1249 
1309,1310,1311 
1289,1288,1312 
1271,1289,1291 
1285,1271,1313 
1288,1271,1285 
1271,1288,1289 
1314,1315,1316 
1314,1316,1317 
1318,1319,1320 
1321,1322,1323 
1324,1325,1326 
1327,1328,1329 
1327,1329,1330 
1325,1324,1331 
1332,1333,1334 
1332,1334,1335 
1320,1336,1337 
1338,1339,1319 
1340,1341,1342 
3,1343,1337 
3,1337,4 
1344,1345,1346 
1344,1346,1347 
1339,1344,1348 
1345,1344,1349 
1340,1350,1351 
1340,1351,1346 
1325,1323,1322 
1316,1327,1330 
1353,1316,1352 
1355,1353,1354 
1327,1353,1355 
1353,1327,1316 
1356,1357,1358 
1356,1358,1359 
1360,1332,1335 
1360,1335,1361 
1328,1362,1363 
1364,1365,1357 
1321,1366,1367 
1368,1369,1343 
1370,1342,1371 
1371,1372,1373 
1349,1339,1374 
1375,1376,1377 
1375,1377,1378 
1379,1380,1381 
1318,1382,1319 
1382,1380,1383 
1384,1382,1352 
1386,1384,1385 
1380,1384,1386 
1384,1380,1382 
1387,1388,1332 
1387,1332,1360 
1389,1390,1324 
1389,1391,1392 
1389,1392,1393 
127,85,1322 
124,57,1346 
1351,1394,84 
1351,84,124 
1336,1347,57 
1393,1395,1390 
1389,1326,1391 
1396,1367,1397 
1365,1364,1397 
1398,1387,1360 
1398,1360,1399 
1316,1384,1352 
1400,1316,1315 
1401,1316,1400 
1316,1401,1384 
1383,1319,1382 
1381,1375,1378 
1381,1378,1374 
1402,1377,1376 
1342,1402,1372 
1342,1372,1371 
1373,1403,1404 
1396,1368,1367 
1354,1393,1362 
1405,1395,1393 
1405,1393,1354 
1399,1360,1361 
1399,1361,1350 
1358,1331,1359 
1365,1406,1358 
1365,1358,1357 
1335,1394,1351 
1407,1343,3 
1407,3,127 
1385,1376,1375 
1385,1375,1386 
1344,1347,1348 
1337,1336,56 
1337,56,4 
1370,1340,1342 
1338,1374,1339 
1369,1408,1337 
1369,1337,1343 
1395,1405,1409 
1395,1409,1356 
1366,1321,1323 
1330,1329,1317 
1330,1317,1316 
1365,1367,1406 
1320,1348,1347 
1320,1347,1336 
1396,1318,1408 
1396,1408,1369 
1313,1271,1257 
1286,1313,1257 
1304,1309,1410 
1304,1410,1305 
1411,1250,1308 
1255,1294,1307 
1255,1307,1256 
1311,82,61 
1248,1283,1412 
1412,1302,1265 
1413,1301,1304 
1413,1304,1303 
1247,1414,1415 
1303,1306,1415 
1295,1296,1249 
1292,1416,1417 
1292,1417,1293 
1282,1281,1272 
1419,1416,1418 
1291,1419,1271 
1417,1419,1291 
1419,1417,1416 
1284,1260,69 
1284,69,63 
1248,67,68 
1247,1420,1421 
1280,1414,1276 
1421,1273,1277 
1278,1277,1274 
1278,1274,1422 
1413,1423,1279 
1270,1269,1419 
1270,1419,1300 
1258,1257,1284 
1258,1284,1424 
1266,1264,1263 
1424,62,1251 
1286,1257,1259 
1416,1292,1425 
1416,1425,1418 
1252,1251,62 
1311,61,1410 
1264,1302,1261 
629,861,1038 
629,1038,1037 
811,966,1036 
811,1036,1035 
1244,1245,1032 
1244,1032,1031 
1235,1426,1241 
1426,655,1243 
1427,1242,1243 
230,1427,1026 
230,1026,231 
261,1242,250 
245,251,1233 
245,1233,1239 
1237,216,240 
1232,1234,1235 
1232,1235,1240 
91,1234,1428 
1428,1232,1230 
1428,1230,1228 
1229,1429,1228 
1229,1228,1230 
1222,177,167 
1229,1223,164 
1229,164,162 
45,1226,161 
45,161,160 
1221,831,856 
1004,1006,1220 
1003,1218,1217 
1003,1217,999 
1217,795,1000 
1217,1000,999 
87,120,1210 
1210,1212,1213 
1212,1210,1209 
1212,1209,1430 
1431,1432,1433 
1430,1431,1207 
1431,1433,1203 
1207,1203,1205 
1207,1205,1199 
1434,1435,1196 
1201,1197,1202 
1197,1205,1434 
1196,1435,169 
1196,169,179 
1195,1206,168 
1195,168,157 
758,1193,976 
1192,792,708 
1192,708,1436 
721,974,1191 
114,99,1150 
114,1150,1190 
18,1115,1114 
1437,1188,1438 
1439,1151,1188 
1185,1113,1186 
1185,1184,1120 
1440,1161,1183 
1440,1183,1141 
1180,1441,1442 
1174,1178,1177 
1443,1176,1444 
1443,1444,1445 
1147,1170,1169 
1147,1169,1173 
1442,1169,1181 
1182,1168,1140 
1446,1110,1113 
1152,1167,1446 
1152,1446,1166 
1187,1437,1131 
1187,1131,1130 
1148,1158,1161 
1148,1161,1440 
1155,1126,1156 
1157,1156,1118 
1157,1118,1120 
1151,1150,1153 
1148,1190,1158 
1170,1145,1171 
1139,1440,1141 
1139,1141,1140 
17,1133,1132 
17,1132,116 
1137,1171,1138 
1177,1134,1136 
1117,1111,1133 
1159,1149,1447 
1159,1447,1160 
1127,1126,1189 
1124,1123,1164 
1124,1164,1448 
1447,1449,1162 
1118,1125,1119 
1117,1177,1112 
1175,1177,1136 
1171,1137,1172 
1450,1105,1042 
1106,1105,1451 
1106,1451,1094 
1452,1104,1078 
1101,26,1102 
31,33,1099 
1092,1099,1106 
1092,1106,1453 
1041,1098,1097 
1094,1451,1058 
1451,1454,1058 
1454,1047,1058 
1086,1090,1089 
1090,1091,1102 
1455,1085,1087 
1456,1086,1457 
1456,1457,1458 
1078,1104,1050 
1078,1050,1052 
30,1056,1053 
1093,1459,1073 
1093,1073,1074 
1064,1073,1459 
1066,1095,1460 
1093,1453,1062 
1108,1051,1039 
1061,1060,1084 
1061,1084,1063 
1040,1039,1051 
1095,1066,1054 
1039,1054,1461 
34,35,1041 
34,1041,1040 
1050,1057,1051 
1100,1091,1085 
1100,1085,1455 
1103,1088,1045 
1081,1080,1458 
1081,1458,1457 
1083,1064,1063 
1083,1063,1084 
1462,1037,877 
1462,877,876 
1036,1246,351 
532,1033,533 
1034,532,1028 
1020,1030,937 
1026,1031,1034 
1026,1034,1027 
254,1024,192 
1022,211,184 
200,257,1021 
1019,1016,1023 
1019,1023,1022 
1014,1017,106 
1463,1023,1016 
1463,1016,1013 
1463,1013,1010 
1463,1010,1009 
1014,1008,1015 
152,171,1464 
152,1464,1009 
260,201,1011 
1008,1465,9 
893,432,1007 
1466,1007,1005 
977,1006,1005 
1001,522,882 
1001,882,1002 
1000,1215,1467 
1000,1467,527 
1467,133,134 
1467,1215,1214 
1467,1214,998 
1208,994,997 
993,995,111 
981,994,1208 
1468,111,995 
986,980,979 
986,979,990 
989,988,1201 
989,1201,1200 
984,983,1198 
984,1198,987 
173,140,980 
173,980,1469 
174,135,103 
174,103,1468 
1436,976,413 
1436,413,922 
397,974,839 
741,1191,491 
1191,918,491 
1192,960,897 
1192,897,975 
978,433,906 
978,906,1193 
139,143,1470 
139,1470,979 
178,180,989 
178,989,1200 
988,985,987 
1469,980,986 
1469,986,985 
979,1470,991 
979,991,990 
1468,103,111 
1208,982,981 
111,996,993 
997,1211,1208 
996,133,998 
1467,998,133 
522,1001,527 
1466,1002,882 
1466,882,883 
1005,432,977 
1466,883,1007 
1007,494,893 
177,260,1011 
172,150,1015 
172,1015,1008 
1009,153,152 
171,1012,1464 
1014,1465,1008 
1471,1463,1464 
1463,1009,1464 
106,7,1014 
1020,937,1018 
937,350,1018 
1011,1021,1471 
1011,1471,1012 
257,1023,1021 
1029,1019,1022 
1029,1022,1025 
254,1027,1024 
1028,1029,1025 
1028,1025,1024 
1028,532,377 
1034,1033,532 
1032,1035,535 
1032,535,1033 
1246,352,351 
342,1038,328 
1077,31,1076 
1045,1044,1103 
1454,1455,1048 
1454,1048,1047 
1102,1045,1088 
1044,1053,1057 
1044,1057,1103 
1039,1096,1055 
1461,1472,1039 
1054,1055,1095 
1051,1056,1040 
1472,1108,1039 
1093,1062,1459 
1460,1067,1066 
1068,1067,1070 
1068,1070,1072 
1083,1071,1073 
1083,1073,1064 
1041,35,1098 
30,29,1056 
1079,1078,1052 
1079,1052,1107 
1455,1087,1048 
1456,1082,1087 
1456,1087,1086 
1457,1086,1089 
1076,31,1092 
1094,1058,1061 
1041,1097,1096 
1097,1075,1069 
1097,1069,1460 
31,1099,1092 
1043,1101,1100 
1043,1100,1450 
1452,1078,1081 
1088,1103,1452 
1088,1452,1089 
1042,1043,1450 
1107,1109,1108 
1108,1456,1458 
1458,1080,1079 
1107,1458,1079 
1107,1108,1458 
1122,1121,1473 
1122,1473,1142 
1117,1112,1111 
1127,1152,1166 
1151,1153,1189 
1447,1439,1449 
1160,1447,1162 
1160,1162,1474 
1189,1153,1127 
1133,1114,1117 
1145,1144,1171 
1117,1116,1134 
1117,1134,1177 
1142,1473,1475 
1142,1475,1143 
17,19,1114 
17,1114,1133 
1116,1115,1146 
1445,1444,1442 
1445,1442,1441 
131,116,1132 
131,1132,1167 
1190,1150,1149 
1190,1149,1159 
1438,1155,1128 
1438,1128,1131 
1126,1125,1156 
1163,1476,1448 
1163,1448,1164 
1187,1476,1163 
1187,1163,1437 
1119,1446,1113 
1140,1143,1182 
1168,1181,1172 
1168,1172,1137 
1169,1172,1181 
1135,1173,1444 
1135,1444,1176 
1177,1175,1174 
1473,1179,1475 
1154,1473,1121 
1180,1473,1154 
1473,1180,1179 
1442,1181,1180 
1183,1474,1123 
1183,1123,1122 
1120,1119,1185 
1185,1119,1113 
1438,1131,1437 
1114,19,18 
1152,1150,99 
1152,99,98 
722,721,1191 
770,975,839 
758,976,855 
978,841,709 
978,709,977 
1204,1194,156 
1204,156,155 
1199,983,982 
1199,982,1207 
1197,1199,1205 
1201,1198,1197 
1196,1202,1434 
1207,1431,1203 
1433,1432,1206 
1433,1206,1195 
1430,1209,1431 
1431,1209,1432 
1214,1213,1212 
1214,1212,1211 
1210,129,87 
130,1216,795 
1218,1003,1004 
1218,1004,1219 
1220,1219,1004 
1221,1220,709 
1227,45,47 
1429,1229,162 
1429,162,176 
1225,1222,167 
1227,47,1228 
1224,1236,1225 
1234,1232,1428 
91,639,1234 
1231,1233,1237 
1231,1237,1236 
240,1222,1237 
243,1239,1238 
243,1238,261 
261,1238,1242 
1243,1244,1427 
1426,1243,1241 
655,1426,641 
1241,1240,1235 
811,1245,818 
813,1462,1246 
813,1246,965 
1262,1278,1422 
1281,1262,1272 
1275,1262,1281 
1262,1275,1278 
1261,1260,1264 
1252,62,82 
1298,1253,1256 
1298,1256,1310 
1252,82,1294 
1258,1411,1259 
1266,1265,1302 
1263,1262,1422 
1263,1422,1274 
1418,1425,1300 
1418,1300,1419 
1279,1267,1413 
1247,1248,1420 
1277,1276,1421 
1276,1275,1281 
1276,1281,1280 
1414,1421,1276 
1421,1414,1247 
68,1283,1248 
1477,1312,1288 
1477,1288,1287 
1268,1419,1269 
1272,1268,1282 
1272,1271,1268 
1268,1271,1419 
1293,1297,1254 
1249,1294,1295 
1295,1255,1254 
1295,1254,1297 
1247,1415,1306 
1267,1270,1301 
1267,1301,1413 
1412,1265,1273 
1420,1248,1412 
1410,61,1305 
1311,1307,82 
1290,1477,1308 
1290,1308,1296 
1411,1258,1250 
1299,1298,1310 
1299,1310,1309 
1286,1285,1313 
1334,1391,1326 
1338,1379,1381 
1338,1381,1374 
1366,1358,1406 
1391,1334,1333 
1329,1328,1363 
1329,1363,1388 
1323,1331,1366 
1335,1351,1361 
1396,1353,1352 
1396,1352,1318 
1340,1346,1341 
1400,1403,1373 
1400,1373,1401 
1404,1398,1399 
1404,1399,1370 
1341,1345,1478 
1361,1351,1350 
1325,1394,1326 
1335,1334,1394 
1395,1356,1359 
1395,1359,1390 
1358,1366,1331 
1328,1327,1355 
1328,1355,1362 
1362,1355,1354 
1321,1368,1407 
1321,1407,1322 
1396,1369,1368 
1404,1371,1373 
1372,1402,1376 
1378,1377,1478 
1378,1478,1349 
1386,1375,1381 
1386,1381,1380 
1383,1379,1319 
1376,1385,1384 
1376,1384,1372 
1317,1329,1388 
1317,1388,1387 
1397,1367,1365 
1397,1353,1396 
1393,1390,1389 
57,56,1336 
85,84,1394 
85,1394,1322 
124,1346,1351 
1322,1407,127 
1346,57,1347 
1324,1326,1389 
1405,1479,1409 
1353,1405,1354 
1364,1353,1397 
1479,1353,1364 
1353,1479,1405 
1314,1317,1387 
1314,1387,1398 
1373,1372,1384 
1373,1384,1401 
1318,1352,1382 
1379,1383,1380 
1374,1378,1349 
1402,1341,1478 
1402,1478,1377 
1371,1404,1370 
1368,1343,1407 
1367,1368,1321 
1364,1357,1479 
1362,1393,1392 
1362,1392,1363 
1390,1359,1331 
1390,1331,1324 
1356,1409,1479 
1356,1479,1357 
1325,1322,1394 
1326,1394,1334 
1370,1399,1350 
1370,1350,1340 
1349,1478,1345 
1339,1349,1344 
1403,1314,1398 
1403,1398,1404 
1403,1400,1315 
1403,1315,1314 
1319,1339,1348 
1319,1348,1320 
1341,1346,1345 
1337,1408,1320 
1331,1323,1325 
1388,1363,1333 
1388,1333,1332 
1363,1392,1391 
1363,1391,1333 
1367,1366,1406 
1408,1318,1320 
1338,1319,1379 
1402,1342,1341 
1309,1311,1410 
1301,1299,1309 
1301,1309,1304 
1477,1287,1411 
1477,1411,1308 
1310,1256,1307 
1310,1307,1311 
67,1306,1305 
1273,1421,1420 
1273,1420,1412 
1302,1412,1283 
1300,1425,1298 
1306,67,1247 
1296,1295,1297 
1297,1293,1417 
1297,1417,1291 
1293,1254,1253 
1290,1297,1291 
1286,1259,1411 
1286,1411,1287 
62,1424,1284 
1414,1280,1423 
1414,1423,1415 
1423,1280,1279 
1274,1277,1273 
1423,1413,1303 
1423,1303,1415 
1264,1257,1271 
1257,1260,1284 
1263,1274,1265 
1262,1264,1272 
1266,1302,1264 
1250,1258,1424 
1250,1424,1251 
1249,1252,1294 
1425,1292,1253 
1425,1253,1298 
1290,1289,1312 
1290,1312,1477 
1268,1267,1279 
1268,1279,1282 
813,629,1037 
813,1037,1462 
1036,966,965 
818,1245,658 
658,1245,1244 
641,1426,1235 
1427,1244,1031 
1427,1031,1026 
1242,1427,230 
243,245,1239 
1237,1233,251 
1239,1233,1232 
1239,1232,1240 
1228,47,91 
1228,91,1428 
1224,1223,1231 
1224,1231,1236 
1429,1226,1228 
1224,1225,165 
1224,165,164 
1226,1429,176 
1226,176,161 
45,1227,1226 
780,831,1221 
1221,856,1219 
709,1220,1006 
1218,973,793 
1218,793,1217 
795,1216,1215 
795,1215,1000 
1213,129,1210 
1212,1430,1208 
120,1432,1209 
1208,1430,1207 
1432,120,1206 
1203,1433,1195 
1203,1195,1194 
1434,1205,1204 
1434,1204,1435 
1197,1434,1202 
1200,1196,178 
1435,1204,155 
1435,155,169 
1206,88,158 
1206,158,168 
708,855,976 
708,976,1436 
839,974,721 
741,743,722 
18,114,1190 
98,131,1167 
1437,1449,1439 
1437,1439,1188 
1189,1438,1188 
1161,1160,1474 
1161,1474,1183 
1180,1445,1441 
1178,1180,1154 
1443,1178,1174 
1445,1178,1443 
1178,1445,1180 
1178,1154,1112 
1176,1443,1174 
1173,1169,1442 
1173,1442,1444 
1135,1134,1147 
1182,1181,1168 
1167,1110,1446 
1166,1446,1119 
1165,1120,1184 
1449,1437,1163 
1162,1449,1163 
1189,1126,1155 
1189,1155,1438 
1157,1165,1129 
1157,1129,1128 
1476,1124,1448 
1186,1476,1187 
1186,1154,1476 
1476,1154,1124 
1152,1127,1153 
1144,1190,1148 
1138,1148,1440 
1138,1440,1139 
1145,1170,1147 
1146,1147,1134 
1146,1115,1144 
1179,1182,1143 
1179,1143,1475 
1171,1144,1138 
1112,1154,1186 
1112,1186,1113 
1158,1190,1159 
1127,1166,1125 
1474,1162,1164 
1474,1164,1123 
1447,1149,1439 
1118,1156,1125 
1135,1176,1175 
1135,1175,1136 
1151,1439,1149 
1051,1109,1107 
1105,1450,1454 
1105,1454,1451 
1452,1103,1104 
1089,1452,1081 
1089,1081,1457 
33,26,1101 
33,1101,1043 
1097,1077,1075 
1460,1095,1097 
1453,1106,1094 
1453,1094,1062 
1093,1074,1076 
1093,1092,1453 
1090,1102,1088 
1087,1082,1049 
1087,1049,1048 
1083,1060,1046 
1060,1059,1046 
1046,1071,1083 
1108,1082,1456 
1071,1108,1472 
1108,1071,1082 
29,34,1040 
29,1040,1056 
1077,1098,35 
1074,1069,1075 
1069,1074,1073 
1070,1073,1071 
1067,1460,1069 
1075,1077,1076 
1064,1459,1062 
1059,1058,1047 
1059,1047,1046 
1066,1065,1461 
1066,1461,1054 
1096,1095,1055 
1050,1104,1057 
1102,26,1045 
1450,1100,1455 
1450,1455,1454 
1045,26,30 
1041,1096,1039 
1472,1072,1071 
1065,1472,1461 
1068,1472,1065 
1472,1068,1072 
352,1246,1462 
352,1462,876 
533,1033,535 
1029,1020,1019 
937,1030,377 
1029,1028,377 
1027,1034,1028 
192,1024,193 
193,1025,1022 
193,1022,184 
201,200,1021 
1471,1021,1023 
1471,1023,1463 
1017,350,106 
1017,1016,1018 
1012,1471,1464 
1014,7,1465 
171,177,1011 
150,149,1015 
149,1010,1015 
7,9,1465 
432,1005,1007 
1004,1466,1005 
1466,1004,1003 
1466,1003,1002 
527,1467,134 
101,133,996 
1211,997,998 
1211,998,1214 
995,993,992 
981,992,994 
1470,1468,995 
1470,995,991 
991,992,981 
989,1469,985 
988,987,1198 
988,1198,1201 
986,984,987 
180,173,1469 
180,1469,989 
143,174,1468 
143,1468,1470 
976,1193,906 
1436,922,960 
1436,960,1192 
1191,974,918 
2,954,938 
938,954,941 
941,954,306 
954,280,306 
1,307,513 
513,307,280 
306,280,307 
597,600,0 
590,572,591 
572,541,591 
542,0,541 
0,600,541 
600,591,541 
