0.238929,0.324444,-0.0411119 
0.189124,0.343058,0.0237523 
0.238929,0.324444,0.0412538 
0.023824,-0.307373,-0.0782071 
0.0238264,-0.307373,-0.0545975 
0.0146679,-0.302366,-0.0586916 
0.0146856,-0.302358,-0.0739591 
0.261188,0.212205,0.0541623 
0.248369,0.208271,0.067286 
0.24959,0.203737,0.0591832 
0.246894,0.203068,0.0606081 
0.244247,0.20359,0.070326 
0.239512,0.191873,0.0712721 
0.245478,0.198721,0.0608346 
0.0146679,-0.302366,0.0588334 
0.00582604,-0.212742,0.0609716 
0.0143793,-0.212891,0.0564463 
0.0238264,-0.307373,0.0547393 
0.0488222,-0.296981,0.0466559 
0.0296404,-0.30483,0.0439053 
0.0215634,-0.212761,0.045223 
0.0433492,-0.212404,0.0481356 
0.0146856,-0.302358,0.0741017 
0.00583974,-0.212757,0.0745555 
-0.428649,-0.314455,0.0707563 
-0.43392,-0.316487,0.0826623 
-0.427934,-0.336631,0.0884109 
-0.456054,-0.321381,0.0818314 
-0.465248,-0.323903,0.0765542 
-0.458702,-0.347345,0.0870981 
-0.443889,-0.340892,0.0932304 
-0.422642,-0.336329,0.0659772 
-0.440145,-0.318007,0.0565349 
-0.420911,-0.334295,0.0784989 
-0.454918,-0.348831,0.0586884 
-0.438851,-0.343593,0.0552398 
-0.450328,-0.225752,0.0458741 
-0.439651,-0.230464,0.0637681 
-0.357464,-0.138096,0.0924212 
-0.363447,-0.132774,0.110501 
-0.420741,-0.189877,0.0916911 
-0.413755,-0.194526,0.0760432 
-0.304262,-0.0690953,0.0798198 
-0.302295,-0.0553059,0.108167 
-0.328267,-0.0883183,0.109007 
0.24959,0.203737,-0.0590414 
0.248369,0.208271,-0.0671433 
0.261188,0.212205,-0.0540204 
0.246894,0.203068,-0.0604662 
0.244247,0.20359,-0.0701841 
0.245478,0.198721,-0.0606927 
0.239512,0.191873,-0.0711303 
0.0143793,-0.212891,-0.0563044 
0.00582604,-0.212742,-0.0608297 
0.0433492,-0.212404,-0.0479937 
0.0215634,-0.212761,-0.0450811 
0.0296404,-0.30483,-0.0437634 
0.0488222,-0.296981,-0.046514 
0.00583974,-0.212757,-0.0744136 
-0.43392,-0.316487,-0.0825196 
-0.428649,-0.314455,-0.0706137 
-0.420911,-0.334295,-0.078357 
-0.443889,-0.340892,-0.0930885 
-0.458702,-0.347345,-0.0869562 
-0.465248,-0.323903,-0.0764123 
-0.456054,-0.321381,-0.0816887 
-0.440145,-0.318007,-0.0563931 
-0.422642,-0.336329,-0.0658345 
-0.438851,-0.343593,-0.055098 
-0.454918,-0.348831,-0.0585465 
-0.439651,-0.230464,-0.0636263 
-0.450328,-0.225752,-0.0457323 
-0.413755,-0.194526,-0.0759005 
-0.420741,-0.189877,-0.0915492 
-0.363447,-0.132774,-0.11036 
-0.357464,-0.138096,-0.0922794 
-0.302295,-0.0553059,-0.108026 
-0.304262,-0.0690953,-0.0796779 
-0.321727,-0.0937953,-0.0879298 
-0.446548,-0.226104,-0.079221 
-0.464422,-0.32277,-0.0554332 
-0.467418,-0.323932,-0.0614487 
-0.427934,-0.336631,-0.0882691 
0.0494541,-0.212331,-0.0837777 
0.0540237,-0.294893,-0.0824148 
0.0436498,-0.299121,-0.0901203 
0.226485,0.191072,-0.0672215 
0.225041,0.173362,-0.0566897 
0.246468,0.1962,-0.061223 
0.238827,0.211328,-0.0666622 
0.25281,0.220153,-0.0637544 
0.262874,0.21937,-0.0516623 
0.284891,0.300783,-0.0202562 
0.285242,0.292497,-0.0152965 
0.280213,0.292629,-0.0276006 
-0.446548,-0.226104,0.0793636 
-0.464422,-0.32277,0.0555759 
-0.467418,-0.323932,0.0615905 
0.0436498,-0.299121,0.0902622 
0.0540237,-0.294893,0.0825575 
0.0494541,-0.212331,0.0839195 
0.225041,0.173362,0.0568315 
0.226485,0.191072,0.0673634 
0.246468,0.1962,0.0613649 
0.25281,0.220153,0.0638963 
0.238827,0.211328,0.0668041 
0.262874,0.21937,0.0518041 
0.284389,0.28584,0.0198435 
0.285242,0.292497,0.0154383 
0.284891,0.300783,0.0203988 
0.280213,0.292629,0.0277424 
0.238179,0.18037,0.0495685 
0.207498,0.161925,0.0676535 
0.014962,-0.132923,0.0433492 
0.0594685,-0.292659,0.0664914 
0.0556613,-0.212225,0.0677002 
0.023824,-0.307373,0.0783498 
0.0143834,-0.212911,0.0792733 
-0.321727,-0.0937953,0.0880725 
0.284389,0.28584,-0.0197017 
0.238179,0.18037,-0.0494267 
0.207498,0.161925,-0.0675117 
0.014962,-0.132923,-0.0432065 
0.0556613,-0.212225,-0.0675584 
0.0594685,-0.292659,-0.0663495 
0.0143834,-0.212911,-0.0791315 
-0.328267,-0.0883183,-0.108865 
0.0295799,-0.304851,-0.0890001 
0.0429841,-0.132572,-0.0465576 
0.217743,0.150665,-0.0598417 
0.200211,0.123856,-0.0484338 
0.0295799,-0.304851,0.0891419 
0.0429841,-0.132572,0.0467002 
0.217743,0.150665,0.0599835 
0.200211,0.123856,0.0485756 
0.247452,0.197693,0.057772 
0.246601,0.200099,0.0567042 
0.284766,0.173422,7.09215e-005 
0.272894,0.176371,7.09215e-005 
0.273884,0.183558,0.0309113 
0.285375,0.178256,0.0248217 
0.262155,0.182621,7.09215e-005 
0.252791,0.187853,7.09215e-005 
0.263323,0.190963,0.0410281 
0.247371,0.193217,7.09215e-005 
0.247996,0.201916,7.09215e-005 
0.254829,0.200665,7.09215e-005 
0.248003,0.20191,0.0539995 
0.277333,0.197878,7.09215e-005 
0.277337,0.186364,0.0375731 
0.263917,0.193563,0.0457379 
0.289785,0.194111,7.09215e-005 
0.303097,0.180822,0.0260032 
0.290586,0.182337,0.0323152 
0.246601,0.200099,-0.0565623 
0.285375,0.178256,-0.0246799 
0.273884,0.183558,-0.0307687 
0.263323,0.190963,-0.0408863 
0.247452,0.197693,-0.0576294 
0.246582,0.20006,7.09215e-005 
0.248003,0.20191,-0.0538576 
0.254811,0.198651,-0.0494025 
0.277337,0.186364,-0.0374305 
0.263935,0.200795,7.09215e-005 
0.290586,0.182337,-0.0321734 
0.303097,0.180822,-0.0258614 
0.301974,0.193501,7.09215e-005 
0.317989,0.186476,-0.00908199 
0.253827,0.195316,-0.0493106 
0.299566,0.174774,-0.0163531 
0.299245,0.173567,7.09215e-005 
0.317989,0.186476,0.00922463 
0.254811,0.198651,0.0495451 
0.299566,0.174774,0.0164949 
0.253827,0.195316,0.0494525 
0.313978,0.195121,7.09215e-005 
0.263917,0.193563,-0.0455961 
0.329498,0.195657,7.09215e-005 
0.310087,0.172995,7.09215e-005 
0.308084,0.173368,-0.00513133 
0.308084,0.173368,0.00527398 
0.333617,0.226417,0.0145776 
0.335512,0.222034,0.009954 
0.33726,0.226851,0.00996931 
0.325646,0.223677,0.0231905 
0.330392,0.223653,0.0225329 
0.333661,0.227598,0.0235999 
0.338277,0.216456,0.0147323 
0.335143,0.218951,0.0208807 
0.331756,0.214583,0.0229665 
0.334758,0.210365,0.0143737 
0.338453,0.236064,0.0186669 
0.330576,0.238508,0.0200877 
0.326023,0.229492,0.0230068 
0.339329,0.225637,0.0183566 
0.342567,0.229379,0.0163329 
0.349237,0.233245,0.00819788 
0.343415,0.226562,0.0119382 
0.346297,0.226253,0.00547627 
0.337383,0.209211,0.00491132 
0.331428,0.208007,0.0147904 
0.33459,0.205615,0.000926815 
0.348965,0.233386,7.09215e-005 
0.34508,0.240283,7.09215e-005 
0.326568,0.221681,0.0195727 
0.327545,0.220782,0.0191851 
0.327574,0.222867,0.0183534 
0.330886,0.222689,0.0169116 
0.335088,0.222639,0.0200498 
0.333383,0.219297,0.0120962 
0.341019,0.220314,0.0120397 
0.324887,0.221633,0.023521 
0.327005,0.22263,0.0194776 
0.330796,0.219847,0.0172009 
0.331756,0.214583,-0.0228246 
0.334758,0.210365,-0.0142319 
0.331428,0.208007,-0.0146485 
0.330434,0.220153,-0.0239199 
0.335143,0.218951,-0.0207381 
0.335088,0.222639,-0.0199072 
0.333661,0.227598,-0.0234581 
0.339329,0.225637,-0.0182147 
0.342185,0.217548,-0.0050999 
0.341019,0.220314,-0.0118971 
0.343415,0.226562,-0.0117955 
0.346297,0.226253,-0.00533362 
0.337687,0.208518,7.09215e-005 
0.337383,0.209211,-0.00476867 
0.341979,0.216972,7.09215e-005 
0.342903,0.23934,-0.0113716 
0.33471,0.242166,-0.0110436 
0.334968,0.243857,7.09215e-005 
0.338277,0.216456,-0.0145905 
0.330796,0.219847,-0.0170582 
0.342567,0.229379,-0.0161911 
0.33686,0.228698,-0.012969 
0.333617,0.226417,-0.0144358 
0.327545,0.220782,-0.0190424 
0.330886,0.222689,-0.0167697 
0.327574,0.222867,-0.0182115 
0.33459,0.205615,-0.000784166 
0.335512,0.222034,-0.00981135 
0.333383,0.219297,-0.0119543 
0.325646,0.223677,-0.0230487 
0.330392,0.223653,-0.0223902 
0.324887,0.221633,-0.0233791 
0.326568,0.221681,-0.0194309 
0.327005,0.22263,-0.0193358 
0.349237,0.233245,-0.00805604 
0.338453,0.236064,-0.0185242 
0.330576,0.238508,-0.0199459 
0.325572,0.214046,-0.0228964 
0.33726,0.226851,-0.00982747 
0.330434,0.220153,0.0240625 
0.33471,0.242166,0.0111863 
0.342903,0.23934,0.0115135 
0.342185,0.217548,0.00524255 
0.325572,0.214046,0.0230382 
0.345929,0.226062,7.09215e-005 
0.33686,0.228698,0.0131108 
0.333677,0.205456,7.09215e-005 
0.326023,0.229492,-0.0228649 
0.258954,0.236059,0.0600641 
0.264262,0.250395,0.0509184 
0.25633,0.259342,0.0607491 
0.198305,0.33372,0.0598707 
0.168924,0.336957,0.0517485 
0.156175,0.322325,0.0623352 
0.190413,0.317347,0.0733675 
0.162776,0.266756,0.111699 
0.161699,0.252369,0.103187 
0.184871,0.252099,0.0940589 
0.183343,0.235041,0.0932618 
0.159717,0.239081,0.097235 
0.159858,0.223748,0.0936358 
0.229583,0.300442,0.0648037 
0.233133,0.317022,0.0559579 
0.217806,0.26163,0.0749165 
0.222594,0.274917,0.0731274 
0.18328,0.294882,0.0850446 
0.167403,0.33448,0.04651 
0.154629,0.320174,0.0568404 
0.160711,0.265944,0.10268 
0.159653,0.251965,0.0941951 
0.193378,0.211609,0.0777115 
0.194992,0.211003,0.0824148 
0.172903,0.21201,0.0883626 
0.17106,0.212362,0.0836584 
0.216063,0.259621,0.0693999 
0.220928,0.272787,0.0676704 
0.210522,0.241641,0.0749745 
0.201358,0.222901,0.0785117 
0.156098,0.280535,0.0998422 
0.150632,0.305445,0.0782563 
0.157941,0.237909,0.0917322 
0.270988,0.307135,0.0230946 
0.271405,0.299994,0.0338143 
0.279016,0.303539,0.0286233 
0.0608918,0.228799,0.0375038 
0.0850744,0.253293,0.03786 
0.0795732,0.259802,7.09215e-005 
0.0516172,0.234733,7.09215e-005 
0.206274,0.340464,0.0256937 
0.205992,0.342862,0.0129222 
0.152071,0.324574,0.0209758 
0.169847,0.312134,0.0498578 
0.181911,0.323413,0.0468219 
0.17072,0.332,0.0370517 
0.108844,0.228931,0.0664212 
0.0887744,0.203185,0.0682644 
0.136805,0.269197,0.0477689 
0.13714,0.210138,0.0778775 
0.159421,0.250637,0.0613737 
0.174594,0.276898,0.0585143 
0.191132,0.299799,0.0544693 
0.23293,0.335967,7.09215e-005 
0.207171,0.342515,7.09215e-005 
0.228552,0.336204,0.0157462 
0.166664,0.190096,0.0835246 
0.119808,0.180011,0.0815058 
0.149387,0.161365,0.0846868 
0.186931,0.133555,0.0604703 
0.14947,0.111855,0.0701777 
0.175919,0.0970005,0.0476851 
0.244747,0.330683,0.0165118 
0.243985,0.331173,7.09215e-005 
0.189534,0.234636,0.0678872 
0.200432,0.213504,0.0685021 
0.255953,0.322385,7.09215e-005 
0.257593,0.321611,0.0151055 
0.213061,0.190859,0.0782708 
0.185596,0.174924,0.0779403 
0.201777,0.166572,0.0800607 
0.235292,0.277828,0.056356 
0.227677,0.262707,0.0582137 
0.244741,0.260725,0.0641372 
0.26655,0.301999,0.0351368 
0.255458,0.291295,0.0487505 
0.260152,0.287235,0.0452383 
0.25247,0.308439,0.0399893 
0.24131,0.295382,0.0517622 
0.25702,0.317705,0.0275369 
0.271792,0.311281,0.00497579 
0.26587,0.27607,0.053333 
0.268494,0.283171,0.0472869 
0.256339,0.274126,0.0530114 
0.249411,0.276671,0.0646756 
0.246755,0.236471,0.0623183 
0.234467,0.237793,0.0741259 
0.222623,0.212531,0.0780395 
0.26746,0.22844,0.0478261 
0.286648,0.281359,0.00558507 
0.285018,0.28867,0.00411587 
0.285419,0.287204,0.0122178 
0.286686,0.280918,0.011478 
0.273108,0.272551,0.0460232 
0.274661,0.271106,0.04374 
0.273881,0.271251,0.0389069 
0.281405,0.269329,0.0347395 
0.278278,0.269409,0.0310072 
0.276226,0.269848,0.0366277 
0.279343,0.269545,0.039654 
0.285469,0.273536,0.0173734 
0.284933,0.273032,0.0216649 
0.285706,0.270865,0.023932 
0.287023,0.269313,0.0197275 
0.283303,0.285384,0.0291737 
0.274113,0.290719,0.0385201 
0.278167,0.28067,0.0335942 
0.279292,0.282653,0.0365899 
0.277827,0.280148,0.0401247 
0.276235,0.278165,0.0373628 
0.27658,0.282851,0.0422829 
0.274569,0.276882,0.0458451 
0.273977,0.268881,0.0472555 
0.270629,0.270957,0.0493485 
0.264384,0.263291,0.0528373 
0.290645,0.255226,0.0313368 
0.28544,0.260951,0.0337877 
0.281017,0.255999,0.042669 
-0.422506,0.101685,0.0418381 
-0.420877,0.100827,0.0327271 
-0.454156,0.0589946,0.026959 
-0.627194,-0.0830274,0.013239 
-0.548728,-0.0580404,0.0141239 
-0.560155,-0.0424804,0.0167907 
-0.630816,-0.066821,0.0154061 
-0.486848,-0.202959,0.0578075 
-0.473744,-0.212012,0.0507959 
-0.0305801,0.00260395,0.111094 
-0.0207977,-0.0325868,0.0969183 
-0.00157156,-0.0331429,0.12755 
-0.329763,0.160211,0.0276465 
-0.298834,0.163077,0.0361764 
-0.293782,0.165739,7.09215e-005 
-0.327603,0.162518,7.09215e-005 
-0.236945,-0.0717001,0.0567961 
-0.326195,-0.0541929,0.0391664 
-0.236651,-0.0751059,0.0304946 
-0.246348,0.164999,0.0443058 
-0.184205,0.164888,0.0495613 
-0.184467,0.169183,7.09215e-005 
-0.245205,0.168022,7.09215e-005 
-0.357489,-0.0755532,0.05266 
0.0064732,-0.132982,0.0822529 
0.000223242,-0.097343,0.100804 
-0.0256035,-0.0968425,0.0837583 
-0.00388779,0.0089208,0.125288 
0.0329495,0.00935842,0.125063 
0.0185468,0.0713374,0.133788 
-0.0182873,0.0487199,0.133124 
-0.00441245,-0.132843,0.0614172 
-0.0281083,-0.0990838,0.0635586 
-0.00802703,-0.0990814,0.0398748 
-0.449295,0.0614745,0.0372451 
-0.467599,0.0302972,0.0390504 
-0.460838,0.0428608,0.0775616 
0.0893249,0.148207,0.0927742 
0.0558531,0.171641,0.076829 
0.0237692,0.167667,0.0763559 
-0.486872,-0.203029,0.0696611 
-0.438795,-0.172459,0.0961035 
-0.474454,-0.213998,0.0838228 
-0.688362,-0.0324152,7.09215e-005 
-0.744616,-0.00856942,7.09215e-005 
-0.74668,-0.0149757,0.00896271 
-0.690869,-0.0400836,0.0106165 
-0.46141,0.0709401,0.0168068 
-0.425625,0.109053,0.0185661 
-0.476373,-0.210779,0.0779871 
0.0374337,-0.212523,0.0916121 
0.0213506,-0.212789,0.0905507 
0.0784054,-0.0970263,0.0430526 
0.0501093,-0.105553,0.02801 
-0.094179,-0.0178045,0.117128 
-0.361238,-0.0677929,0.117775 
-0.386565,-0.113613,0.117025 
-0.242944,0.0929789,0.104433 
-0.175212,0.0836318,0.115196 
-0.180692,0.132518,0.0857046 
-0.246268,0.133694,0.080483 
-0.126904,0.171798,7.09215e-005 
-0.128268,0.166047,0.0516268 
-0.0822166,0.17395,0.0495725 
-0.0858562,0.181558,7.09215e-005 
-0.333749,-0.0278722,0.118236 
0.0190287,-0.0722674,0.115201 
0.0266335,-0.0359943,0.127215 
-0.0295727,0.0938413,0.130766 
0.00217681,0.118775,0.124055 
-0.019235,0.153809,0.0977718 
-0.0387884,0.143639,0.101451 
-0.282584,-0.0100483,0.101015 
-0.293183,-0.00836149,0.10992 
-0.448144,-0.078797,0.0763905 
-0.43328,-0.0901654,0.0641775 
-0.444454,-0.168154,0.0603711 
-0.455392,-0.160183,0.0693733 
-0.700747,-0.0706387,0.0130173 
-0.703476,-0.0782393,7.09215e-005 
-0.625846,-0.0906256,7.09215e-005 
-0.695437,-0.0540374,0.0152167 
-0.750416,-0.0264247,0.0130415 
-0.754786,-0.0400658,0.0110847 
-0.523804,0.00540213,0.0160629 
-0.410256,-0.0498723,0.035709 
-0.41476,-0.102499,0.0564753 
-0.0475142,0.177274,0.044828 
-0.0519887,0.183372,7.09215e-005 
-0.38155,-0.123682,0.0647594 
-0.321888,0.142047,0.0611134 
-0.302015,0.14207,0.0628687 
-0.325141,0.1461,0.0471193 
-0.0500263,0.0841677,0.120415 
-0.109791,0.0793539,0.123823 
-0.101218,0.0263981,0.128655 
-0.0383605,0.041128,0.122857 
-0.289207,0.0439851,0.110365 
-0.280249,0.042324,0.103249 
0.0419058,-0.0779412,0.111228 
0.0149104,-0.132945,0.0961059 
0.0354269,-0.132601,0.0972786 
0.0395653,-0.0967152,0.107431 
-0.416636,0.0879814,0.071007 
-0.425391,-0.186612,0.0569717 
-0.787757,-0.0257139,0.007072 
-0.789596,-0.0300183,7.09215e-005 
-0.757126,-0.0463577,7.09215e-005 
-0.440043,-0.171137,0.0558733 
-0.00437618,-0.132855,0.0779081 
-0.448384,-0.0328891,0.0440955 
-0.446924,0.00358154,0.0167238 
0.0150539,-0.0976565,0.112126 
0.063947,-0.093016,0.0959117 
0.0802848,-0.0546491,0.0872149 
0.0620555,-0.0490366,0.114616 
-0.399387,-0.048242,0.115974 
-0.413064,-0.0951412,0.112297 
-0.16809,-0.023114,0.114484 
-0.171451,0.02791,0.123518 
-0.293177,0.100458,0.0882232 
-0.302284,0.0994392,0.0937438 
0.0697118,-0.000314311,0.116094 
-0.454993,-0.1606,0.0827114 
-0.433581,-0.0834303,0.101734 
-0.450196,-0.073515,0.0907385 
0.190639,0.345172,7.09215e-005 
0.170517,0.341414,7.09215e-005 
0.170048,0.336857,0.0198975 
0.189706,0.342823,0.0148605 
0.244247,0.330923,0.0320154 
0.225663,0.33514,0.0258461 
0.210896,0.343276,0.0309008 
0.184253,0.346053,0.0306921 
-0.357828,0.0869168,0.0967346 
-0.40044,0.0543162,0.101408 
-0.380405,-0.0035227,0.113959 
-0.33445,0.0350159,0.112442 
-0.381676,0.142114,0.0227102 
-0.377263,0.134055,0.0407493 
-0.297513,-0.0519154,0.0717919 
0.133755,0.0759916,0.0772674 
0.149632,0.0621845,0.0542461 
0.172986,0.144479,0.0790404 
0.125559,0.123897,0.0930362 
0.0983859,0.0906079,0.0925985 
0.112554,0.0316713,0.0871666 
0.19156,0.0908787,0.0265698 
0.275704,0.274938,0.0441245 
0.283473,0.266339,0.0354543 
0.285599,0.268105,0.0278149 
0.283009,0.271334,0.0289594 
0.291867,0.262643,0.0236838 
0.288853,0.267923,0.0145986 
0.283231,0.272295,0.0256486 
0.288244,0.273594,0.00977105 
0.28524,0.278585,0.0176691 
0.0948495,-0.00998543,0.0975558 
-0.00892483,0.186927,-0.0468413 
0.0237692,0.167667,-0.0762132 
-0.00265069,0.161969,-0.092364 
0.167403,0.33448,-0.0463682 
0.231444,0.31458,-0.0505671 
0.18328,0.294882,-0.0849027 
0.156175,0.322325,-0.0621933 
0.190413,0.317347,-0.0732257 
0.184871,0.252099,-0.093917 
0.183343,0.235041,-0.09312 
0.159717,0.239081,-0.0970932 
0.159858,0.223748,-0.0934939 
0.172903,0.21201,-0.0882207 
0.198305,0.33372,-0.059728 
0.242308,0.331024,-0.0386119 
0.233133,0.317022,-0.0558152 
0.183657,0.269667,-0.0962631 
0.217806,0.26163,-0.0747747 
0.202944,0.224318,-0.083768 
0.194992,0.211003,-0.082273 
0.15778,0.282819,-0.105069 
0.162776,0.266756,-0.111557 
0.160711,0.265944,-0.102538 
0.156098,0.280535,-0.0996996 
0.17106,0.212362,-0.0835157 
0.157937,0.224359,-0.0889872 
0.193378,0.211609,-0.0775696 
0.222594,0.274917,-0.0729855 
0.229583,0.300442,-0.0646611 
0.227972,0.298313,-0.0591768 
0.220928,0.272787,-0.0675278 
0.157941,0.237909,-0.0915895 
0.154629,0.320174,-0.0566977 
0.216063,0.259621,-0.0692573 
0.184253,0.346053,-0.0305494 
0.168924,0.336957,-0.0516059 
0.273881,0.271251,-0.0387651 
0.273536,0.272053,-0.0416213 
0.27446,0.27359,-0.0405526 
0.276235,0.278165,-0.0372209 
0.279724,0.280512,-0.0286998 
0.280864,0.276747,-0.0246412 
0.278278,0.269409,-0.0308646 
0.276226,0.269848,-0.0364859 
0.281105,0.272438,-0.0218519 
0.280348,0.272093,-0.0241923 
0.279535,0.27094,-0.0270952 
0.11977,0.281755,-0.0259847 
0.0850744,0.253293,-0.0377182 
0.112549,0.287104,7.09215e-005 
0.170048,0.336857,-0.0197557 
0.189706,0.342823,-0.0147186 
0.189124,0.343058,-0.0236104 
0.17072,0.332,-0.0369098 
0.108844,0.228931,-0.0662794 
0.136805,0.269197,-0.047627 
0.13714,0.210138,-0.0777348 
0.119808,0.180011,-0.0813639 
0.0887744,0.203185,-0.0681225 
0.20149,0.313762,-0.0497772 
0.191132,0.299799,-0.0543275 
0.169847,0.312134,-0.049716 
0.181911,0.323413,-0.0466801 
0.202764,0.265218,-0.062066 
0.174594,0.276898,-0.0583724 
0.213853,0.285805,-0.0593758 
0.149387,0.161365,-0.0845449 
0.125559,0.123897,-0.0928935 
0.0893249,0.148207,-0.0926316 
0.244747,0.330683,-0.01637 
0.244247,0.330923,-0.0318736 
0.225663,0.33514,-0.0257042 
0.227773,0.303938,-0.0530936 
0.24131,0.295382,-0.0516196 
0.235292,0.277828,-0.0562142 
0.227677,0.262707,-0.0580718 
0.211847,0.233375,-0.0670885 
0.257593,0.321611,-0.0149628 
0.25247,0.308439,-0.0398474 
0.185596,0.174924,-0.0777985 
0.200432,0.213504,-0.0683603 
0.222623,0.212531,-0.0778976 
0.234467,0.237793,-0.0739841 
0.244741,0.260725,-0.0639954 
0.249411,0.276671,-0.0645338 
0.255458,0.291295,-0.0486087 
0.260152,0.287235,-0.0450964 
0.256339,0.274126,-0.0528688 
0.270988,0.307135,-0.0229528 
0.26655,0.301999,-0.0349949 
0.279016,0.303539,-0.0284814 
0.28187,0.302394,-0.00902638 
0.268494,0.283171,-0.0471451 
0.271405,0.299994,-0.0336724 
0.26587,0.27607,-0.0531911 
0.264384,0.263291,-0.0526955 
0.25633,0.259342,-0.0606073 
0.246755,0.236471,-0.0621756 
0.213061,0.190859,-0.0781289 
0.264262,0.250395,-0.0507766 
0.272008,0.258616,-0.0511949 
0.26746,0.22844,-0.0476843 
0.258954,0.236059,-0.0599222 
0.274644,0.240991,-0.0417833 
0.273108,0.272551,-0.0458814 
0.275704,0.274938,-0.0439826 
0.279343,0.269545,-0.0395114 
0.274661,0.271106,-0.0435982 
0.281405,0.269329,-0.0345968 
0.283009,0.271334,-0.0288167 
0.283231,0.272295,-0.025506 
0.28357,0.27246,-0.0227569 
0.27658,0.282851,-0.0421403 
0.274113,0.290719,-0.0383774 
0.277827,0.280148,-0.0399828 
0.274569,0.276882,-0.0457033 
0.270629,0.270957,-0.0492058 
0.290645,0.255226,-0.031195 
0.28544,0.260951,-0.033645 
0.287137,0.26612,-0.0258251 
0.291867,0.262643,-0.0235419 
-0.7844,-0.0166867,-0.00826639 
-0.750416,-0.0264247,-0.0128989 
-0.754786,-0.0400658,-0.0109429 
-0.787757,-0.0257139,-0.00693016 
-0.514046,-0.0074798,-0.0230358 
-0.560155,-0.0424804,-0.0166488 
-0.569658,-0.0292833,-0.0110613 
-0.523804,0.00540213,-0.0159211 
-0.473744,-0.212012,-0.0506533 
-0.472777,-0.213073,-0.0441172 
-0.440043,-0.171137,-0.0557306 
0.0455864,0.13069,-0.11188 
0.00217681,0.118775,-0.123913 
-0.019235,0.153809,-0.0976299 
-0.293183,-0.00836149,-0.109778 
-0.333749,-0.0278722,-0.118094 
-0.33445,0.0350159,-0.112299 
-0.242944,0.0929789,-0.104291 
-0.293177,0.100458,-0.0880805 
-0.302015,0.14207,-0.0627261 
-0.246268,0.133694,-0.0803412 
-0.0500263,0.0841677,-0.120273 
-0.123081,0.132909,-0.0897842 
-0.061356,0.139627,-0.0979813 
-0.236945,-0.0717001,-0.0566542 
-0.296656,-0.0477665,-0.0916749 
-0.236974,-0.0518791,-0.084154 
0.0308589,0.205856,-0.0374675 
0.0558531,0.171641,-0.0766871 
0.0648602,0.133023,-0.0908553 
-0.0256035,-0.0968425,-0.0836165 
-0.0281083,-0.0990838,-0.0634167 
-0.0215134,-0.0667517,-0.0721812 
-0.466208,-0.00447934,-0.0838438 
-0.470017,-0.00933746,-0.0591808 
-0.467599,0.0302972,-0.0389093 
-0.460838,0.0428608,-0.0774197 
-0.476373,-0.210779,-0.0778452 
-0.486872,-0.203029,-0.0695192 
-0.574717,-0.0220776,7.09215e-005 
-0.528983,0.0122533,7.09215e-005 
-0.74668,-0.0149757,-0.00882087 
-0.781577,-0.00914485,-0.00546741 
-0.486848,-0.202959,-0.0576648 
-0.444454,-0.168154,-0.0602293 
-0.455392,-0.160183,-0.0692315 
0.14947,0.111855,-0.0700366 
0.133755,0.0759916,-0.0771247 
0.0983859,0.0906079,-0.0924559 
-0.033122,-0.0968425,-0.0326811 
0.0784054,-0.0970263,-0.0429099 
0.0586932,-0.132351,-0.0695998 
-0.0387884,0.143639,-0.101308 
-0.0822166,0.17395,-0.0494307 
-0.40044,0.0543162,-0.101265 
-0.429587,0.0195776,-0.106483 
-0.416636,0.0879814,-0.0708651 
-0.435561,-0.0248564,-0.108482 
-0.413064,-0.0951412,-0.112155 
-0.433581,-0.0834303,-0.101592 
-0.235677,-0.0135065,-0.108151 
-0.128268,0.166047,-0.0514842 
-0.326195,-0.0541929,-0.0390246 
-0.401496,-0.0180963,-0.0195228 
-0.410256,-0.0498723,-0.035568 
-0.357489,-0.0755532,-0.0525174 
-0.325141,0.1461,-0.0469775 
-0.381676,0.142114,-0.0225684 
-0.329763,0.160211,-0.0275047 
-0.448144,-0.078797,-0.0762487 
-0.450196,-0.073515,-0.0905966 
0.0790332,0.0326473,-0.117165 
0.0185468,0.0713374,-0.133646 
0.0667525,0.0902412,-0.11618 
-0.454993,-0.1606,-0.0825688 
-0.634512,-0.0492195,-0.010739 
-0.636043,-0.0416777,7.09215e-005 
-0.805734,-0.0176071,7.09215e-005 
-0.502305,-0.0226393,-0.017138 
-0.548728,-0.0580404,-0.0139812 
-0.444092,-0.168605,-0.0917636 
-0.438795,-0.172459,-0.0959617 
-0.426717,0.0169051,7.09215e-005 
-0.441253,0.037993,7.09215e-005 
-0.446924,0.00358154,-0.0165819 
0.0064732,-0.132982,-0.082111 
0.0150539,-0.0976565,-0.111983 
0.0149104,-0.132945,-0.0959641 
-0.246348,0.164999,-0.044164 
-0.298834,0.163077,-0.0360346 
-0.167765,-0.0608007,-0.0897004 
-0.0956006,-0.0579211,-0.0948398 
-0.0929459,-0.0880257,-0.0633289 
-0.167038,-0.083386,-0.0578091 
-0.0383605,0.041128,-0.122715 
-0.0182873,0.0487199,-0.132982 
-0.00388779,0.0089208,-0.125147 
-0.0305801,0.00260395,-0.110952 
0.00646353,-0.132948,-0.0570741 
0.0215215,-0.106168,-0.0284806 
-0.444077,0.0441849,-0.0188893 
-0.449295,0.0614745,-0.0371032 
-0.474454,-0.213998,-0.0836802 
-0.780186,-0.00483475,7.09215e-005 
-0.425391,-0.186612,-0.0568291 
-0.297513,-0.0519154,-0.0716501 
-0.00256688,-0.0663737,-0.104257 
-0.0222299,-0.0668379,-0.093639 
-0.0207977,-0.0325868,-0.0967757 
0.0329495,0.00935842,-0.12492 
0.0697118,-0.000314311,-0.115952 
-0.166488,-0.0950099,-0.0330494 
-0.236651,-0.0751059,-0.030352 
-0.321888,0.142047,-0.0609716 
-0.237619,0.0388312,-0.11462 
-0.280249,0.042324,-0.103106 
-0.184205,0.164888,-0.0494186 
-0.180692,0.132518,-0.0855628 
-0.378274,0.131642,-0.0488109 
-0.374662,0.118802,-0.0695152 
0.0948495,-0.00998543,-0.0974131 
0.075965,-0.0986236,-0.0675777 
0.0505195,-0.132381,-0.0882852 
0.063947,-0.093016,-0.0957699 
-0.425279,0.114338,7.09215e-005 
-0.425625,0.109053,-0.0184235 
-0.46141,0.0709401,-0.0166649 
0.205992,0.342862,-0.0127796 
0.283295,0.278564,-0.025759 
-0.357828,0.0869168,-0.0965919 
-0.422506,0.101685,-0.0416954 
-0.420877,0.100827,-0.0325844 
-0.377263,0.134055,-0.0406074 
-0.0921803,-0.104507,-0.0327246 
0.149632,0.0621845,-0.0541043 
0.175919,0.0970005,-0.0475432 
0.19156,0.0908787,-0.0264279 
0.201777,0.166572,-0.0799189 
0.172986,0.144479,-0.0788978 
0.186931,0.133555,-0.0603284 
0.279292,0.282653,-0.036448 
0.279545,0.285626,-0.0371202 
0.283303,0.285384,-0.0290311 
0.282436,0.28221,-0.0289908 
0.273977,0.268881,-0.0471137 
0.283473,0.266339,-0.0353117 
0.280367,0.266241,-0.0417792 
0.284933,0.273032,-0.0215223 
0.285706,0.270865,-0.0237893 
0.287023,0.269313,-0.0195856 
0.285469,0.273536,-0.0172315 
0.286686,0.280918,-0.0113362 
0.288244,0.273594,-0.00962921 
0.28525,0.280869,-0.0243632 
0.28589,0.295531,-0.00588488 
0.0620555,-0.0490366,-0.114475 
0.285419,0.287204,-0.0120752 
0.28524,0.278585,-0.0175265 
0.285599,0.268105,-0.0276731 
0.288853,0.267923,-0.0144567 
-0.399387,-0.048242,-0.115833 
-0.380405,-0.0035227,-0.113817 
0.206274,0.340464,-0.0255511 
0.210896,0.343276,-0.030759 
-0.41476,-0.102499,-0.0563327 
-0.38155,-0.123682,-0.0646176 
0.0266335,-0.0359943,-0.127073 
-0.171451,0.02791,-0.123375 
-0.16809,-0.023114,-0.114342 
-0.302284,0.0994392,-0.0936019 
-0.386565,-0.113613,-0.116883 
-0.361238,-0.0677929,-0.117633 
0.0802848,-0.0546491,-0.0870739 
-0.00437618,-0.132855,-0.0777655 
-0.00441245,-0.132843,-0.0612746 
0.000223242,-0.097343,-0.100663 
0.0190287,-0.0722674,-0.115059 
-0.43328,-0.0901654,-0.0640357 
0.0354269,-0.132601,-0.0971367 
-0.0295727,0.0938413,-0.130625 
-0.235165,-0.08393,7.09215e-005 
-0.00157156,-0.0331429,-0.127407 
0.0501093,-0.105553,-0.0278673 
-0.454156,0.0589946,-0.0268164 
-0.497245,-0.0296307,7.09215e-005 
-0.543816,-0.0653703,7.09215e-005 
-0.282584,-0.0100483,-0.100873 
-0.109791,0.0793539,-0.123682 
-0.175212,0.0836318,-0.115054 
0.112554,0.0316713,-0.0870247 
-0.094179,-0.0178045,-0.116986 
0.0395653,-0.0967152,-0.107289 
0.0419058,-0.0779412,-0.111086 
0.0374337,-0.212523,-0.0914702 
0.0213506,-0.212789,-0.090408 
-0.690869,-0.0400836,-0.0104746 
-0.00802703,-0.0990814,-0.039733 
0.118969,-0.0236789,-0.0672642 
-0.630816,-0.066821,-0.0152642 
-0.627194,-0.0830274,-0.0130971 
0.281017,0.255999,-0.0425271 
0.278167,0.28067,-0.0334524 
0.271792,0.311281,-0.00483395 
0.25702,0.317705,-0.0273951 
0.166664,0.190096,-0.083382 
0.189534,0.234636,-0.0677454 
0.159421,0.250637,-0.0612311 
0.152697,0.290265,-0.0489036 
0.131915,0.303663,-0.0215368 
0.152071,0.324574,-0.020834 
0.125519,0.306938,7.09215e-005 
0.150046,0.328384,7.09215e-005 
0.150632,0.305445,-0.0781152 
0.201358,0.222901,-0.0783699 
0.210522,0.241641,-0.0748319 
0.212191,0.243276,-0.0794329 
0.152173,0.307775,-0.08344 
0.28589,0.295531,0.00602672 
0.28187,0.302394,0.00916822 
0.28525,0.280869,0.024505 
0.280348,0.272093,0.0243341 
0.279535,0.27094,0.0272371 
0.28357,0.27246,0.0228988 
0.140091,0.0124701,0.0567332 
0.118969,-0.0236789,0.0674061 
-0.382008,0.145035,7.09215e-005 
-0.378274,0.131642,0.0489528 
0.283295,0.278564,0.0259009 
0.281105,0.272438,0.0219937 
0.242308,0.331024,0.0387538 
-0.465388,0.0767306,7.09215e-005 
-0.444092,-0.168605,0.0919054 
0.0505195,-0.132381,0.0884271 
0.0586932,-0.132351,0.0697417 
0.075965,-0.0986236,0.0677204 
-0.374662,0.118802,0.069657 
-0.123081,0.132909,0.0899269 
-0.237619,0.0388312,0.114762 
-0.166488,-0.0950099,0.0331921 
0.0790332,0.0326473,0.117307 
-0.0222299,-0.0668379,0.0937808 
-0.00256688,-0.0663737,0.104399 
-0.296656,-0.0477665,0.0918168 
-0.472777,-0.213073,0.0442591 
-0.781577,-0.00914485,0.00561005 
-0.444077,0.0441849,0.019032 
0.00646353,-0.132948,0.0572159 
0.0215215,-0.106168,0.0286225 
-0.470017,-0.00933746,0.0593234 
-0.167765,-0.0608007,0.0898415 
-0.167038,-0.083386,0.057951 
-0.0929459,-0.0880257,0.0634707 
0.0648602,0.133023,0.0909972 
0.0455864,0.13069,0.112021 
0.0667525,0.0902412,0.116322 
-0.0215134,-0.0667517,0.072323 
-0.0956006,-0.0579211,0.0949817 
-0.514046,-0.0074798,0.0231784 
-0.502305,-0.0226393,0.0172799 
-0.401496,-0.0180963,0.0196638 
-0.061356,0.139627,0.0981232 
-0.235677,-0.0135065,0.108293 
-0.429587,0.0195776,0.106625 
-0.033122,-0.0968425,0.0328238 
-0.634512,-0.0492195,0.0108808 
-0.569658,-0.0292833,0.011204 
-0.00892483,0.186927,0.0469839 
-0.0134316,0.193457,7.09215e-005 
-0.00265069,0.161969,0.0925059 
0.0308589,0.205856,0.0376094 
-0.236974,-0.0518791,0.0842967 
-0.7844,-0.0166867,0.00840904 
0.287137,0.26612,0.025967 
0.27446,0.27359,0.0406945 
0.279724,0.280512,0.0288417 
0.282436,0.28221,0.0291326 
0.273536,0.272053,0.0417631 
0.272008,0.258616,0.0513367 
0.274644,0.240991,0.0419251 
0.227773,0.303938,0.0532355 
0.202764,0.265218,0.0622087 
0.213853,0.285805,0.0595177 
0.20149,0.313762,0.0499191 
0.152697,0.290265,0.0490463 
0.131915,0.303663,0.0216786 
0.11977,0.281755,0.0261273 
0.280864,0.276747,0.0247839 
0.0214054,0.210883,7.09215e-005 
0.227972,0.298313,0.0593194 
0.202944,0.224318,0.0839106 
0.157937,0.224359,0.089129 
0.15778,0.282819,0.105212 
0.152173,0.307775,0.0835818 
0.212191,0.243276,0.0795748 
0.183657,0.269667,0.0964049 
0.231444,0.31458,0.0507089 
0.211847,0.233375,0.0672304 
0.279545,0.285626,0.037262 
0.280367,0.266241,0.0419211 
-0.466208,-0.00447934,0.0839856 
-0.435561,-0.0248564,0.108624 
-0.0921803,-0.104507,0.0328665 
0.161699,0.252369,-0.103045 
0.159653,0.251965,-0.0940532 
0.0608918,0.228799,-0.0373619 
0.228552,0.336204,-0.0156043 
0.285018,0.28867,-0.00397402 
0.286648,0.281359,-0.00544323 
-0.695437,-0.0540374,-0.015074 
-0.700747,-0.0706387,-0.0128747 
-0.448384,-0.0328891,-0.0439536 
-0.0475142,0.177274,-0.0446862 
-0.101218,0.0263981,-0.128513 
-0.289207,0.0439851,-0.110223 
0.140091,0.0124701,-0.0565914 
-0.326183,-0.0455502,7.09215e-005 
-0.16621,-0.101554,7.09215e-005 
0.0052224,-0.112844,7.09215e-005 
0.0737463,-0.0976243,7.09215e-005 
0.0452745,-0.107871,7.09215e-005 
0.274385,0.181378,0.0346105 
0.286683,0.175747,0.0286797 
0.267422,0.166277,0.0156285 
0.268595,0.164621,7.09215e-005 
0.280642,0.161881,7.09215e-005 
0.282522,0.161982,0.00962034 
0.298565,0.162264,0.0167206 
0.284929,0.165845,0.0233227 
0.296413,0.158778,0.00993224 
0.302719,0.160928,0.00853234 
0.310868,0.170628,0.00916016 
0.270997,0.170972,0.0295477 
0.25621,0.17572,0.0395742 
0.250119,0.173884,0.0242527 
0.241462,0.170721,0.0264827 
0.242369,0.16525,0.0151748 
0.246123,0.179996,0.0471209 
0.223614,0.15886,0.0296444 
0.232117,0.154005,0.0127369 
0.217589,0.140649,0.0287538 
0.173929,0.0489117,7.09215e-005 
0.200513,0.0850599,7.09215e-005 
0.162298,0.0532298,0.0295533 
0.156483,0.00545532,0.0291705 
0.16836,0.00190118,7.09215e-005 
0.14479,-0.0346379,7.09215e-005 
0.109338,-0.0734634,0.0291085 
0.100151,-0.0672997,7.09215e-005 
0.10415,-0.0658224,0.0592082 
0.256701,0.199282,0.0518872 
0.291366,0.183295,0.0364021 
0.278293,0.18747,0.0411417 
0.329971,0.194885,0.00156914 
0.319232,0.185576,0.0148226 
0.286426,0.202696,0.039758 
0.273025,0.207191,0.0449973 
0.264178,0.195056,0.0490761 
0.29408,0.216216,0.0373152 
0.277962,0.219135,0.0425086 
0.280019,0.222815,0.0415479 
0.300545,0.229752,0.033948 
0.2873,0.235214,0.0369993 
0.32158,0.200523,0.0229302 
0.313569,0.225278,0.0294848 
0.307719,0.209588,0.0321766 
0.321288,0.242149,0.0206841 
0.316919,0.233408,0.0270815 
0.321481,0.252282,7.09215e-005 
0.322828,0.250238,0.013546 
0.308743,0.251611,0.0230132 
0.306186,0.24088,0.0306317 
0.289852,0.245984,0.0320888 
0.309367,0.259945,7.09215e-005 
0.291332,0.267983,7.09215e-005 
0.290567,0.266623,0.00980248 
0.310745,0.256309,0.012591 
0.287816,0.275873,7.09215e-005 
0.285828,0.282645,7.09215e-005 
0.278802,0.305451,7.09215e-005 
0.270807,0.312103,7.09215e-005 
-0.435611,-0.370771,0.0547837 
-0.446939,-0.359159,0.0573054 
-0.428921,-0.350313,0.0527632 
-0.416069,-0.345618,0.0792983 
-0.414739,-0.342171,0.0856619 
-0.430833,-0.344347,0.100812 
-0.423574,-0.343646,0.0951896 
-0.377315,-0.374211,0.0940008 
-0.376285,-0.3628,0.0951372 
-0.378627,-0.36288,0.104161 
-0.379392,-0.37424,0.102336 
-0.431835,-0.360009,0.112943 
-0.448135,-0.366768,0.0983569 
-0.431138,-0.365628,0.114252 
-0.438991,-0.348964,0.100914 
-0.419416,-0.365898,0.0434459 
-0.420128,-0.360526,0.0453978 
-0.4526,-0.3585,0.0929934 
-0.427864,-0.352839,0.112151 
-0.381686,-0.363153,0.0879733 
-0.383434,-0.374118,0.0875123 
-0.375117,-0.37427,0.0843305 
-0.373694,-0.362739,0.0837769 
-0.379779,-0.35144,0.0736045 
-0.371669,-0.362668,0.0745651 
-0.378419,-0.363239,0.0670225 
-0.402898,-0.374182,0.0434354 
-0.40291,-0.36333,0.0424207 
-0.391773,-0.362628,0.0499739 
-0.392757,-0.374006,0.0501198 
-0.399364,-0.351664,0.0586972 
-0.393262,-0.362529,0.0591236 
-0.400541,-0.374193,0.0639285 
-0.394074,-0.373902,0.0585989 
-0.39935,-0.361699,0.062552 
-0.408258,-0.354215,0.0632185 
-0.409728,-0.346339,0.0611021 
-0.414491,-0.347085,0.0645531 
-0.417293,-0.343131,0.0611771 
-0.414078,-0.362984,0.12137 
-0.41378,-0.373988,0.120561 
-0.40464,-0.373835,0.118859 
-0.404013,-0.362305,0.119531 
-0.388246,-0.374265,0.1057 
-0.380057,-0.374449,0.0692146 
-0.373362,-0.374391,0.076023 
-0.398803,-0.355363,0.105651 
-0.405254,-0.361784,0.106412 
-0.387854,-0.36324,0.107966 
-0.416918,-0.346023,0.10205 
-0.406695,-0.351416,0.10836 
-0.414141,-0.354012,0.100618 
-0.409201,-0.350559,0.100092 
-0.410457,-0.342399,0.0688922 
-0.402567,-0.350089,0.0657765 
-0.381266,-0.351334,0.0810714 
-0.408641,-0.355588,0.044006 
-0.42089,-0.352415,0.0487602 
-0.412146,-0.345858,0.0516405 
-0.422222,-0.344666,0.0539527 
-0.411918,-0.342009,0.0761633 
-0.402152,-0.345704,0.0965371 
-0.416223,-0.342591,0.0904789 
-0.419964,-0.347271,0.0942757 
-0.421028,-0.345598,0.108898 
-0.419468,-0.355331,0.117618 
-0.405209,-0.349746,0.0826091 
-0.398,-0.345259,0.078112 
-0.429456,-0.374319,0.115032 
-0.439029,-0.374849,0.0895223 
-0.441747,-0.374631,0.101108 
0.0449997,-0.352819,0.0770522 
0.0449763,-0.352789,0.0548876 
0.049442,-0.361969,0.0521483 
0.048383,-0.361743,0.0781015 
0.0467099,-0.339407,0.0483967 
0.0587843,-0.334263,0.044492 
0.0644975,-0.342703,0.0398998 
0.0518839,-0.351007,0.0416753 
0.0714945,-0.353203,0.101654 
0.0558555,-0.358956,0.0919151 
0.0728066,-0.359177,0.101902 
0.111792,-0.367113,0.0666711 
0.113837,-0.356435,0.0667347 
0.121421,-0.355825,0.0725173 
0.120156,-0.367224,0.0716275 
0.0714252,-0.345245,0.0991233 
0.0818144,-0.339193,0.0970545 
0.0703469,-0.337317,0.0931885 
0.101891,-0.355779,0.102819 
0.1011,-0.367309,0.102281 
0.102907,-0.36728,0.0937969 
0.103923,-0.355569,0.0936736 
0.0405397,-0.341999,0.0763599 
0.0404841,-0.341854,0.0569492 
0.0738873,-0.344895,0.0344646 
0.0887099,-0.34881,0.0281164 
0.0740985,-0.353225,0.0317616 
0.0924035,-0.343463,0.0488657 
0.0850913,-0.335401,0.0541687 
0.0993611,-0.338871,0.0523868 
0.113274,-0.344472,0.052299 
0.113466,-0.344363,0.0599037 
0.121437,-0.355767,0.0608765 
0.121378,-0.355688,0.0514479 
0.0706258,-0.330339,0.0512956 
0.0787261,-0.335978,0.0461401 
0.0731878,-0.337894,0.041232 
0.0852638,-0.3391,0.0384419 
0.0853178,-0.335077,0.0620926 
0.0847448,-0.335647,0.0797722 
0.0715058,-0.330988,0.0796779 
0.082049,-0.340508,0.0846166 
0.0600794,-0.335389,0.0901485 
0.0759022,-0.335939,0.0865235 
0.0622901,-0.368254,0.0504728 
0.0945755,-0.344575,0.100272 
0.0851614,-0.348612,0.104681 
0.0917773,-0.356473,0.106577 
0.0821038,-0.339568,0.066746 
0.0850398,-0.335308,0.0717669 
0.0997124,-0.338633,0.0734417 
0.0933617,-0.343758,0.0667863 
0.113366,-0.344556,0.0811213 
0.112976,-0.356236,0.0875913 
0.121133,-0.355897,0.0818418 
0.0919143,-0.367455,0.105732 
0.0624118,-0.343162,0.0934012 
0.0467139,-0.339587,0.0850124 
0.104402,-0.348642,0.0467518 
0.099536,-0.344816,0.0412449 
0.0877058,-0.338653,0.0445242 
0.0840001,-0.340329,0.0473893 
0.0924374,-0.34779,0.0470572 
0.0975405,-0.344895,0.0340327 
0.0774326,-0.36766,0.0285387 
0.0749624,-0.359003,0.0303367 
0.0954096,-0.356543,0.0255479 
0.0591058,-0.359044,0.0371113 
0.0611634,-0.368015,0.039355 
0.112062,-0.367465,0.0481001 
0.10167,-0.367426,0.0458838 
0.102759,-0.354907,0.0442438 
0.113196,-0.35622,0.0456074 
0.106643,-0.348901,0.0667767 
0.0744321,-0.367769,0.103381 
0.058827,-0.36807,0.092169 
0.0601334,-0.368224,0.0800293 
0.0981917,-0.367362,0.0888453 
0.0885447,-0.349168,0.0870771 
0.0845933,-0.339174,0.0902904 
0.0742202,-0.328687,0.0669604 
-0.398474,-0.0107511,7.09215e-005 
-0.089785,-0.112271,7.09215e-005 
0.0267245,-0.11069,7.09215e-005 
0.274385,0.181378,-0.0344687 
0.263235,0.189136,-0.0443171 
0.310868,0.170628,-0.00901751 
0.296413,0.158778,-0.0097904 
0.296497,0.158494,7.09215e-005 
0.282522,0.161982,-0.0094785 
0.313039,0.170154,7.09215e-005 
0.304098,0.15967,7.09215e-005 
0.302719,0.160928,-0.0083905 
0.270997,0.170972,-0.0294058 
0.286683,0.175747,-0.0285371 
0.284929,0.165845,-0.0231809 
0.253163,0.193735,-0.0533257 
0.267422,0.166277,-0.0154867 
0.245954,0.161326,7.09215e-005 
0.241462,0.170721,-0.0263409 
0.223614,0.15886,-0.0295017 
0.237122,0.149405,7.09215e-005 
0.232117,0.154005,-0.0125942 
0.217589,0.140649,-0.0286128 
0.226994,0.126734,7.09215e-005 
0.21214,0.11182,7.09215e-005 
0.200666,0.121767,-0.0268019 
0.162298,0.0532298,-0.0294115 
0.156483,0.00545532,-0.0290287 
0.134872,-0.0321355,-0.035302 
0.109338,-0.0734634,-0.0289658 
0.10415,-0.0658224,-0.0590664 
0.329971,0.194885,-0.0014273 
0.291366,0.183295,-0.0362594 
0.304267,0.181065,-0.0304406 
0.319232,0.185576,-0.0146808 
0.256701,0.199282,-0.0517453 
0.260768,0.207429,-0.0517542 
0.273025,0.207191,-0.0448546 
0.278293,0.18747,-0.0410007 
0.286426,0.202696,-0.0396161 
0.301118,0.19679,-0.0354632 
0.29408,0.216216,-0.0371734 
0.307719,0.209588,-0.032034 
0.280019,0.222815,-0.0414061 
0.2873,0.235214,-0.0368574 
0.312803,0.191003,-0.0285749 
0.32158,0.200523,-0.0227876 
0.316919,0.233408,-0.0269397 
0.313569,0.225278,-0.029343 
0.300545,0.229752,-0.0338062 
0.306186,0.24088,-0.0304898 
0.321288,0.242149,-0.0205415 
0.308743,0.251611,-0.0228706 
0.310745,0.256309,-0.0124491 
0.290567,0.266623,-0.00965983 
0.283809,0.289004,7.09215e-005 
-0.414491,-0.347085,-0.0644113 
-0.417293,-0.343131,-0.0610344 
-0.416918,-0.346023,-0.101908 
-0.421028,-0.345598,-0.108756 
-0.430833,-0.344347,-0.10067 
-0.423574,-0.343646,-0.0950477 
-0.386055,-0.351512,-0.101569 
-0.398803,-0.355363,-0.105509 
-0.409201,-0.350559,-0.0999502 
-0.402152,-0.345704,-0.0963953 
-0.448135,-0.366768,-0.098215 
-0.427864,-0.352839,-0.112009 
-0.431835,-0.360009,-0.112801 
-0.446939,-0.359159,-0.0571628 
-0.428921,-0.350313,-0.0526206 
-0.417504,-0.37424,-0.044247 
-0.419416,-0.365898,-0.043304 
-0.435611,-0.370771,-0.0546418 
-0.408641,-0.355588,-0.0438642 
-0.420128,-0.360526,-0.0452552 
-0.371669,-0.362668,-0.0744233 
-0.373362,-0.374391,-0.0758812 
-0.375117,-0.37427,-0.0841887 
-0.373694,-0.362739,-0.083635 
-0.439029,-0.374849,-0.0893805 
-0.43059,-0.375256,-0.0587182 
-0.401068,-0.351345,-0.0489899 
-0.40291,-0.36333,-0.0422789 
-0.394074,-0.373902,-0.0584571 
-0.393262,-0.362529,-0.0589809 
-0.391773,-0.362628,-0.049832 
-0.392757,-0.374006,-0.0499779 
-0.378419,-0.363239,-0.0668798 
-0.39935,-0.361699,-0.0624101 
-0.400541,-0.374193,-0.0637867 
-0.380057,-0.374449,-0.0690727 
-0.422222,-0.344666,-0.0538109 
-0.4526,-0.3585,-0.0928516 
-0.429456,-0.374319,-0.11489 
-0.431138,-0.365628,-0.114111 
-0.414078,-0.362984,-0.121228 
-0.41378,-0.373988,-0.120419 
-0.401909,-0.374001,-0.112015 
-0.400947,-0.36233,-0.112079 
-0.405682,-0.374122,-0.104455 
-0.378627,-0.36288,-0.104019 
-0.387854,-0.36324,-0.107824 
-0.419964,-0.347271,-0.0941338 
-0.414141,-0.354012,-0.100476 
-0.406695,-0.351416,-0.108218 
-0.405254,-0.361784,-0.106269 
-0.384093,-0.351436,-0.094075 
-0.392046,-0.354978,-0.0854242 
-0.381686,-0.363153,-0.0878315 
-0.381266,-0.351334,-0.0809295 
-0.42089,-0.352415,-0.0486175 
-0.396471,-0.345439,-0.0706781 
-0.398,-0.345259,-0.0779702 
-0.411918,-0.342009,-0.0760206 
-0.410457,-0.342399,-0.0687504 
-0.416223,-0.342591,-0.0903371 
-0.410284,-0.351096,-0.115542 
-0.405209,-0.349746,-0.0824672 
-0.400352,-0.345556,-0.0891411 
-0.414739,-0.342171,-0.0855201 
-0.40464,-0.373835,-0.118717 
-0.441747,-0.374631,-0.100966 
0.121437,-0.355767,-0.0607338 
0.120159,-0.367286,-0.0616026 
0.111792,-0.367113,-0.0665292 
0.113837,-0.356435,-0.0665929 
0.049442,-0.361969,-0.0520064 
0.0591058,-0.359044,-0.0369695 
0.0518839,-0.351007,-0.0415334 
0.0624118,-0.343162,-0.0932586 
0.0600794,-0.335389,-0.0900067 
0.0703469,-0.337317,-0.0930466 
0.0845933,-0.339174,-0.0901485 
0.0759022,-0.335939,-0.0863816 
0.082049,-0.340508,-0.0844748 
0.119984,-0.367255,-0.0800889 
0.121133,-0.355897,-0.0816992 
0.121421,-0.355825,-0.0723746 
0.120156,-0.367224,-0.0714857 
0.0818144,-0.339193,-0.0969119 
0.0997124,-0.338633,-0.0732998 
0.0995819,-0.338807,-0.0808449 
0.0847448,-0.335647,-0.0796304 
0.0850398,-0.335308,-0.0716243 
0.0467099,-0.339407,-0.048254 
0.0404841,-0.341854,-0.0568073 
0.0740985,-0.353225,-0.0316197 
0.0738873,-0.344895,-0.0343228 
0.0850913,-0.335401,-0.0540269 
0.0840001,-0.340329,-0.0472474 
0.0924035,-0.343463,-0.0487239 
0.0405397,-0.341999,-0.0762181 
0.0731878,-0.337894,-0.0410894 
0.0787261,-0.335978,-0.0459983 
0.0706258,-0.330339,-0.051153 
0.0587843,-0.334263,-0.0443501 
0.0644975,-0.342703,-0.0397572 
0.0852638,-0.3391,-0.0383 
0.0853178,-0.335077,-0.0619508 
0.0742202,-0.328687,-0.0668186 
0.0622901,-0.368254,-0.0503309 
0.0601334,-0.368224,-0.0798867 
0.0981917,-0.367362,-0.0887035 
0.112108,-0.367274,-0.0853379 
0.101891,-0.355779,-0.102677 
0.0917773,-0.356473,-0.106434 
0.0851614,-0.348612,-0.104539 
0.0945755,-0.344575,-0.10013 
0.0933617,-0.343758,-0.0666445 
0.0821038,-0.339568,-0.0666042 
0.112976,-0.356236,-0.0874487 
0.113366,-0.344556,-0.0809795 
0.0744321,-0.367769,-0.103239 
0.0728066,-0.359177,-0.10176 
0.0714252,-0.345245,-0.0989807 
0.0558555,-0.358956,-0.0917733 
0.0496427,-0.351225,-0.089175 
0.0449997,-0.352819,-0.0769096 
0.0993611,-0.338871,-0.052245 
0.104402,-0.348642,-0.04661 
0.102759,-0.354907,-0.0441019 
0.113196,-0.35622,-0.0454655 
0.0887099,-0.34881,-0.0279745 
0.106109,-0.355852,-0.0306421 
0.107868,-0.355759,-0.0397805 
0.099536,-0.344816,-0.0411031 
0.0975405,-0.344895,-0.0338908 
0.0749624,-0.359003,-0.0301948 
0.0955482,-0.367426,-0.0263812 
0.0954096,-0.356543,-0.0254052 
0.0611634,-0.368015,-0.0392124 
0.0774326,-0.36766,-0.0283968 
0.10167,-0.367426,-0.045742 
0.106751,-0.367162,-0.0396741 
0.105034,-0.367266,-0.031224 
0.106643,-0.348901,-0.0666348 
0.113619,-0.344467,-0.0732144 
0.0885447,-0.349168,-0.0869345 
0.096716,-0.344442,-0.0930192 
0.092447,-0.343376,-0.0844055 
0.104686,-0.348642,-0.0865219 
0.0991684,-0.355492,-0.0888486 
0.0715058,-0.330988,-0.0795361 
0.103923,-0.355569,-0.0935318 
0.048383,-0.361743,-0.0779597 
0.058827,-0.36807,-0.0920271 
0.113466,-0.344363,-0.0597619 
0.099486,-0.338687,-0.0596966 
0.120043,-0.367409,-0.0530952 
0.112062,-0.367465,-0.0479575 
0.0924374,-0.34779,-0.0469154 
0.121378,-0.355688,-0.0513061 
0.113274,-0.344472,-0.0521571 
0.102907,-0.36728,-0.0936543 
0.0714945,-0.353203,-0.101511 
0.0467139,-0.339587,-0.0848705 
0.0449763,-0.352789,-0.0547458 
0.1011,-0.367309,-0.102139 
-0.416069,-0.345618,-0.0791565 
-0.419468,-0.355331,-0.117475 
-0.412146,-0.345858,-0.0514987 
-0.379779,-0.35144,-0.0734626 
-0.408258,-0.354215,-0.0630766 
-0.402567,-0.350089,-0.0656347 
-0.379392,-0.37424,-0.102194 
-0.388246,-0.374265,-0.105557 
-0.377315,-0.374211,-0.093859 
-0.383434,-0.374118,-0.0873705 
-0.409728,-0.346339,-0.0609603 
-0.399364,-0.351664,-0.0585554 
-0.402898,-0.374182,-0.0432928 
-0.390297,-0.355442,-0.0652583 
-0.438991,-0.348964,-0.100771 
-0.376285,-0.3628,-0.0949946 
0.289852,0.245984,-0.0319461 
0.322828,0.250238,-0.0134042 
0.277962,0.219135,-0.0423667 
0.264178,0.195056,-0.0489342 
0.242369,0.16525,-0.0150329 
0.250119,0.173884,-0.0241109 
0.246123,0.179996,-0.0469791 
0.25621,0.17572,-0.0394324 
0.298565,0.162264,-0.0165779 
0.301761,0.172041,-0.020257 
-0.0259734,-0.10825,7.09215e-005 
0.0991684,-0.355492,0.0889904 
0.096716,-0.344442,0.0931611 
0.092447,-0.343376,0.0845473 
0.099486,-0.338687,0.0598384 
0.106751,-0.367162,0.039816 
0.107868,-0.355759,0.0399232 
0.0955482,-0.367426,0.026523 
0.106109,-0.355852,0.030784 
0.105034,-0.367266,0.0313659 
0.0496427,-0.351225,0.0893168 
0.0995819,-0.338807,0.0809867 
0.119984,-0.367255,0.0802308 
0.104686,-0.348642,0.0866637 
-0.400352,-0.345556,0.0892821 
-0.392046,-0.354978,0.085566 
-0.410284,-0.351096,0.115684 
-0.396471,-0.345439,0.07082 
-0.384093,-0.351436,0.0942168 
-0.386055,-0.351512,0.101711 
-0.405682,-0.374122,0.104597 
-0.400947,-0.36233,0.112221 
-0.401909,-0.374001,0.112158 
-0.390297,-0.355442,0.0654001 
-0.401068,-0.351345,0.0491325 
-0.417504,-0.37424,0.0443888 
0.283701,0.29728,7.09215e-005 
0.301118,0.19679,0.0356058 
0.304267,0.181065,0.0305825 
0.260768,0.207429,0.051896 
0.134872,-0.0321355,0.0354438 
0.200666,0.121767,0.0269445 
0.253163,0.193735,0.0534676 
0.301761,0.172041,0.0203996 
0.263235,0.189136,0.0444589 
0.312803,0.191003,0.0287168 
-0.43059,-0.375256,0.05886 
0.120159,-0.367286,0.0617444 
0.113619,-0.344467,0.0733562 
0.120043,-0.367409,0.0532371 
0.112108,-0.367274,0.0854806 
-0.404013,-0.362305,-0.119388 
0.0877058,-0.338653,-0.0443824 
0.0919143,-0.367455,-0.10559 
